0.0779275
0.0646234
0.0377469
0.039954
0.0408813
0.0341348
0.0353788
0.0349327
0.0348946
0.0330546
0.0311296
0.0319418
0.031662
0.0317363
0.0324427
0.0350088
0.0321163
0.0336165
0.0318141
0.0342379
0.0317322
0.0311806
0.0305815
0.0324669
0.0306776
0.0310135
0.0307759
0.0318337
0.0323658
0.0307206
0.0312158
0.0313044
0.0324624
0.0315247
0.0309742
0.0306964
0.0330614
0.0307167
0.030664
0.0312148
0.0336488
0.0325174
0.0319506
0.0304949
0.030899
0.0333718
0.031958
0.0302762
0.0311429
0.0334751
0.0306597
0.0311498
0.0315587
0.0309032
0.0336995
0.0307347
0.0312244
0.0311677
0.033751
0.0325533
0.0311098
0.0320182
0.0334769
0.0318977
0.0321557
0.031278
0.0314206
0.0322208
0.0315589
0.03099
0.0313209
0.0320403
0.0321863
0.031823
0.0330116
0.0310244
0.0326779
0.0321158
0.0314127
0.0327165
0.0324828
0.0326869
0.0334131
0.0321877
0.0319081
0.0323363
0.0321582
0.032618
0.0331834
0.0336438
0.0324305
0.0326221
0.0329548
0.0331424
0.0332007
0.0326434
0.0341542
0.0331442
0.0333419
0.0337663
0.0347706
0.0338739
0.0331202
0.0339947
0.0346226
0.0321771
0.0326488
0.033207
0.0350841
0.0334134
0.0328062
0.0331734
0.0335484
0.0355476
0.0332793
0.033182
0.0335209
0.0351843
0.0346123
0.0343256
0.0337811
0.0338833
0.0329815
0.0341839
0.0328801
0.0335952
0.0340378
0.0340696
0.033279
0.0339142
0.0340796
0.0347921
0.0343725
0.0335914
0.0342993
0.0344802
0.0335461
0.0341701
0.0344297
0.0343372
0.0344919
0.034485
0.0342845
0.0349867
0.0345694
0.0365167
0.033795
0.0368834
0.0340728
0.0354631
0.034154
0.0340749
0.0350537
0.0342952
0.0353534
0.0348911
0.0348864
0.0365264
0.0348856
0.0348572
0.03502
0.0349944
0.0354756
0.035528
0.0346538
0.0364182
0.0355206
0.0347425
0.0373282
0.0353565
0.0358945
0.0360712
0.036468
0.0361986
0.0352709
0.0355344
0.0366061
0.0376442
0.0356452
0.0358117
0.0379773
0.0354794
0.0363583
0.0351404
0.0361082
0.0363197
0.0359859
0.035575
0.0360483
0.0355245
0.0360718
0.0357175
0.0355126
0.0367043
0.0364554
0.0364926
0.0367975
0.0363437
0.0360721
0.0359282
0.0364424
0.0363261
0.0355399
0.0363142
0.0366979
0.0361911
0.03655
0.0373861
0.0367883
0.0364904
0.041255
0.0365248
0.0367583
0.039236
0.0371658
0.0365767
0.036437
0.0366725
0.0391564
0.0371015
0.0373085
0.0364223
0.0371973
0.037349
0.0362906
0.0394228
0.0369937
0.0371258
0.0375972
0.0369719
0.0377424
0.0367473
0.0367895
0.039771
0.0374074
0.0364951
0.0368575
0.0367699
0.0373014
0.0369121
0.0375005
0.0380809
0.0370157
0.0373959
0.0392023
0.0399042
0.03798
0.0394426
0.038083
0.0373985
0.0376447
0.0392158
0.0387107
0.0375461
0.0398012
0.0384109
0.0383808
0.0382426
0.040218
0.0381778
0.037306
0.0376766
0.0412384
0.038166
0.0387327
0.0379194
0.0385461
0.0386772
0.0383884
0.0384314
0.0381979
0.0382893
0.038609
0.0383507
0.0375677
0.0404677
0.0389056
0.0387198
0.0379663
0.038269
0.0393561
0.0382995
0.0391245
0.038618
0.038573
0.0388443
0.0387598
0.0392854
0.0393596
0.0383563
0.039507
0.039743
0.0388818
0.0391602
0.0394053
0.0400736
0.0387696
0.039194
0.0410772
0.039615
0.0403086
0.0405839
0.0394446
0.0388443
0.0388448
0.0398054
0.0420751
0.038886
0.0392466
0.039622
0.0391606
0.0390049
0.0394094
0.0392878
0.0395927
0.0399636
0.0401208
0.0398097
0.039395
0.0394981
0.0498373
0.0393809
0.0403299
0.0438243
0.0438962
0.0396673
0.0397687
0.0399979
0.0387457
0.0400584
0.0395456
0.0401973
0.0399872
0.0397043
0.0397693
0.0414445
0.0391986
0.0405625
0.0403377
0.0401442
0.0397972
0.0394544
0.0401962
0.0401971
0.0406025
0.0400639
0.0400194
0.0398387
0.0422956
0.0408517
0.0407616
0.0406917
0.0398333
0.0400508
0.0407712
0.0400278
0.0398871
0.0398503
0.0407968
0.0407876
0.0405137
0.0407346
0.0417297
0.0408322
0.0413647
0.0412892
0.0437669
0.0405559
0.0421352
0.0438195
0.0410797
0.0405346
0.0405052
0.0435308
0.0414463
0.0410839
0.0407297
0.0413458
0.0408037
0.0410715
0.0415351
0.0412442
0.0406374
0.0435512
0.0413154
0.0416403
0.0417453
0.0414287
0.0414743
0.0429291
0.042072
0.0416039
0.0411765
0.0414899
0.0411769
0.0413508
0.0429097
0.0417514
0.0413381
0.0413771
0.0412835
0.0421697
0.0419567
0.0413542
0.0416007
0.0418443
0.0422294
0.0413316
0.0423436
0.0418145
0.0420412
0.0415755
0.0417715
0.0424968
0.0420322
0.0417032
0.0440231
0.0422136
0.0419091
0.0444114
0.0423816
0.0445593
0.0422895
0.0424564
0.0424684
0.0430816
0.0422026
0.0433708
0.0418744
0.0422483
0.043431
0.0428479
0.0427793
0.0426101
0.0432511
0.0429208
0.0430578
0.0429722
0.0423354
0.0451842
0.0447153
0.0426189
0.0424419
0.0432532
0.0434367
0.0447278
0.0435667
0.0433984
0.0455771
0.0460078
0.0435592
0.0427465
0.0435228
0.0434966
0.0458713
0.0437429
0.0433343
0.0447242
0.0434711
0.0438899
0.0434089
0.0438408
0.0435148
0.0432825
0.046186
0.044379
0.0435401
0.0436685
0.044581
0.0433988
0.0471097
0.0440151
0.0434183
0.0465198
0.0446639
0.0444188
0.0443949
0.0445401
0.0444316
0.0446715
0.0442195
0.0445897
0.0445972
0.0443365
0.0445952
0.0443014
0.0448477
0.0444628
0.0446585
0.044715
0.0445524
0.0451979
0.0443364
0.0460777
0.0445422
0.0472156
0.0447652
0.0451987
0.0471388
0.0454024
0.0476072
0.0452598
0.0475392
0.0458039
0.045631
0.0446674
0.0451016
0.0476317
0.045151
0.0450927
0.0452752
0.0463963
0.045858
0.0452206
0.0458976
0.0457949
0.046247
0.0463288
0.0456294
0.0462012
0.0454166
0.0463037
0.0455801
0.0463871
0.0458813
0.0457651
0.0456224
0.046264
0.0485369
0.0464272
0.0458085
0.0469745
0.0457788
0.046608
0.0465421
0.0465988
0.0471344
0.0456113
0.0464657
0.0462491
0.0465128
0.0464779
0.0460304
0.046797
0.0467728
0.0463914
0.0465879
0.0462937
0.0472278
0.0469308
0.0463991
0.0470944
0.0468529
0.049911
0.0472043
0.047196
0.0468583
0.0465178
0.0466757
0.0473652
0.0464697
0.047424
0.0466229
0.0473671
0.0473886
0.0467835
0.047545
0.0471756
0.046842
0.0480647
0.0473836
0.0478389
0.0491431
0.0480313
0.0477416
0.0472587
0.047673
0.0475327
0.050056
0.0476783
0.0471806
0.0477412
0.0478082
0.0472517
0.0477353
0.0467986
0.0482847
0.0475095
0.0482024
0.0474557
0.0483517
0.0479956
0.048158
0.0505839
0.048704
0.0483823
0.0508216
0.0488412
0.048432
0.0504303
0.0486628
0.0485343
0.0486638
0.0482795
0.0489541
0.048325
0.048525
0.0504208
0.049045
0.048579
0.0495296
0.0487832
0.0488757
0.0504805
0.0486702
0.0485817
0.0506915
0.0486853
0.0483598
0.048524
0.0485621
0.0488125
0.0483769
0.0487682
0.0515803
0.0482443
0.0490347
0.0537842
0.0494734
0.0486809
0.0489575
0.0488602
0.0489837
0.049103
0.0493461
0.0490551
0.0496921
0.0494417
0.0496082
0.0493709
0.0486771
0.0500539
0.049155
0.0499119
0.0493268
0.0495436
0.0497229
0.0522783
0.0499853
0.0499805
0.0509812
0.0529347
0.053218
0.0498893
0.050883
0.0502779
0.0508218
0.0526419
0.0500648
0.0501796
0.0507584
0.0502279
0.0508591
0.0530005
0.0513833
0.0509798
0.0504248
0.0509531
0.0512183
0.0505099
0.0512988
0.050638
0.0511448
0.0507638
0.0537097
0.0503455
0.0510867
0.0508794
0.0507313
0.0510792
0.0516652
0.0508267
0.0530547
0.0512968
0.0511268
0.0540173
0.0521177
0.0510397
0.0511343
0.0538215
0.0540778
0.0514473
0.0510986
0.0516782
0.0508476
0.0548869
0.0515258
0.0524583
0.0543652
0.0514048
0.0514268
0.051888
0.0521272
0.0541492
0.0526823
0.0516291
0.0544478
0.0516984
0.0549267
0.0520502
0.0526058
0.0521603
0.052713
0.0525249
0.0541756
0.0525718
0.0544492
0.0528052
0.0524846
0.0524118
0.0530971
0.0533781
0.0527145
0.0525596
0.053077
0.0529873
0.0534688
0.0532321
0.0528247
0.0529736
0.0535146
0.0531747
0.0538628
0.0531217
0.0531793
0.0535663
0.0535747
0.053052
0.0533574
0.0537497
0.0565615
0.0539254
0.0535337
0.0539058
0.0536695
0.0535048
0.0534605
0.0540695
0.0543107
0.0546757
0.0544346
0.0537912
0.0546907
0.0539802
0.0553097
0.0579453
0.0543087
0.0546745
0.0544081
0.0539733
0.0575174
0.0548017
0.0549966
0.0572237
0.0580594
0.0567455
0.0555151
0.0550117
0.0556093
0.0545526
0.0569093
0.0540015
0.0550306
0.0547906
0.0548667
0.0551849
0.0545075
0.0545333
0.0580893
0.0549196
0.0578657
0.0561372
0.0554343
0.0551785
0.0550054
0.0581915
0.0559077
0.0554353
0.0547913
0.0551908
0.0565597
0.0546605
0.0558791
0.0543051
0.0562558
0.056232
0.0551456
0.0563882
0.0553509
0.0564143
0.0562572
0.0579714
0.0565618
0.0554044
0.0558311
0.0560193
0.0561825
0.0579334
0.0561974
0.056283
0.0558007
0.0558785
0.0562686
0.0565089
0.0571329
0.056362
0.0558673
0.05619
0.056021
0.0563587
0.0569555
0.0569635
0.0571711
0.0577801
0.0559403
0.0572485
0.0568168
0.0567834
0.0596645
0.0558921
0.0574312
0.0576648
0.056964
0.057036
0.0570608
0.0568467
0.057309
0.0574793
0.057206
0.0575584
0.0578702
0.0581431
0.0577654
0.0586095
0.0582982
0.0580017
0.0577354
0.0575085
0.0583819
0.0576997
0.0585779
0.0581179
0.0576196
0.0574648
0.0577105
0.0579924
0.0585325
0.0585579
0.0581943
0.0580774
0.0577557
0.058688
0.0596445
0.0587186
0.0582705
0.0588149
0.059292
0.0581796
0.0585906
0.0611541
0.0588264
0.0593968
0.0586801
0.0592834
0.0592472
0.0590551
0.0591394
0.059651
0.0594617
0.0587452
0.059381
0.0597862
0.0590238
0.0596402
0.059668
0.0601561
0.0593869
0.0593139
0.0600869
0.0600864
0.0595755
0.0587133
0.0593553
0.0596281
0.0589407
0.0595351
0.060806
0.059654
0.0594274
0.0593225
0.06056
0.0613708
0.062315
0.0603007
0.0587214
0.060607
0.0603201
0.0598212
0.0591857
0.0601041
0.0600494
0.0608107
0.0597579
0.0604581
0.0603772
0.0612988
0.060469
0.0600225
0.061392
0.060364
0.0609322
0.0609502
0.0618199
0.0615013
0.0614744
0.0611925
0.0615937
0.0612498
0.0613058
0.0610488
0.0612775
0.0618268
0.0616908
0.0610443
0.0620386
0.061791
0.0625715
0.0609704
0.0613424
0.0609634
0.0603215
0.0616315
0.0619412
0.0615756
0.0622208
0.0619786
0.0644912
0.0640069
0.0622495
0.0624087
0.0624006
0.0625949
0.0621895
0.0635527
0.0640029
0.0622126
0.062766
0.0627657
0.0632332
0.0625307
0.0629259
0.0633745
0.0628701
0.063314
0.0629657
0.0622952
0.0658697
0.0618586
0.0630012
0.0627638
0.0632551
0.0623209
0.0638037
0.064191
0.0636558
0.0632514
0.0630871
0.0626973
0.0641959
0.0634194
0.0635186
0.0629276
0.0640332
0.0631617
0.0637056
0.0646155
0.0641283
0.063911
0.0632906
0.06358
0.0639191
0.0638921
0.0638639
0.0636611
0.0640132
0.0638656
0.0635467
0.063877
0.0643351
0.0671822
