|   0   |   0   |   0   |   0   |   0   |   0   |   0   |   0   |   0   |   0   |   0   |   0   |   0   |   0   |   0   |   0   |   1   |
|   0   |   0   |   0   |   1   |   0   |   0   |   0   |   0   |   0   |   0   |   0   |   0   |   0   |   0   |   0   |   0   |   0   |
|   0   |   0   |   1   |   0   |   0   |   0   |   0   |   0   |   0   |   0   |   0   |   0   |   0   |   0   |   0   |   0   |   0   |
|   0   |   0   |   1   |   1   |   0   |   0   |   0   |   0   |   0   |   0   |   0   |   0   |   0   |   0   |   0   |   0   |   0   |
|   0   |   1   |   0   |   0   |   0   |   0   |   0   |   0   |   0   |   0   |   0   |   0   |   0   |   0   |   0   |   0   |   0   |
|   0   |   1   |   0   |   1   |   0   |   0   |   0   |   0   |   0   |   0   |   0   |   0   |   0   |   0   |   0   |   0   |   0   |
|   0   |   1   |   1   |   0   |   0   |   0   |   0   |   0   |   0   |   0   |   0   |   0   |   0   |   0   |   0   |   0   |   0   |
|   0   |   1   |   1   |   1   |   0   |   0   |   0   |   0   |   0   |   0   |   0   |   0   |   0   |   0   |   0   |   0   |   0   |
|   1   |   0   |   0   |   0   |   0   |   0   |   0   |   0   |   0   |   0   |   0   |   0   |   0   |   0   |   0   |   0   |   0   |
|   1   |   0   |   0   |   1   |   0   |   0   |   0   |   0   |   0   |   0   |   0   |   0   |   0   |   0   |   0   |   0   |   0   |
|   1   |   0   |   1   |   0   |   0   |   0   |   0   |   0   |   0   |   0   |   0   |   0   |   0   |   0   |   0   |   0   |   0   |
|   1   |   0   |   1   |   1   |   0   |   0   |   0   |   0   |   0   |   0   |   0   |   0   |   0   |   0   |   0   |   0   |   0   |
|   1   |   1   |   0   |   0   |   0   |   0   |   0   |   0   |   0   |   0   |   0   |   0   |   0   |   0   |   0   |   0   |   0   |
|   1   |   1   |   0   |   1   |   0   |   0   |   0   |   0   |   0   |   0   |   0   |   0   |   0   |   0   |   0   |   0   |   0   |
|   1   |   1   |   1   |   0   |   0   |   0   |   0   |   0   |   0   |   0   |   0   |   0   |   0   |   0   |   0   |   0   |   0   |
|   1   |   1   |   1   |   1   |   0   |   0   |   0   |   0   |   0   |   0   |   0   |   0   |   0   |   0   |   0   |   0   |   0   |
|   0   |   0   |   0   |   0   |   0   |   0   |   0   |   1   |   0   |   0   |   0   |   0   |   0   |   0   |   0   |   0   |   1   |
|   0   |   0   |   0   |   1   |   0   |   0   |   0   |   1   |   0   |   0   |   0   |   1   |   0   |   0   |   0   |   0   |   0   |
|   0   |   0   |   1   |   0   |   0   |   0   |   0   |   1   |   0   |   0   |   0   |   0   |   0   |   0   |   0   |   1   |   0   |
|   0   |   0   |   1   |   1   |   0   |   0   |   0   |   1   |   0   |   0   |   0   |   0   |   0   |   0   |   0   |   1   |   0   |
|   0   |   1   |   0   |   0   |   0   |   0   |   0   |   1   |   0   |   0   |   0   |   0   |   0   |   0   |   0   |   1   |   0   |
|   0   |   1   |   0   |   1   |   0   |   0   |   0   |   1   |   0   |   0   |   0   |   0   |   0   |   0   |   0   |   1   |   0   |
|   0   |   1   |   1   |   0   |   0   |   0   |   0   |   1   |   0   |   0   |   0   |   0   |   0   |   0   |   0   |   1   |   0   |
|   0   |   1   |   1   |   1   |   0   |   0   |   0   |   1   |   0   |   0   |   0   |   0   |   0   |   0   |   0   |   1   |   0   |
|   1   |   0   |   0   |   0   |   0   |   0   |   0   |   1   |   0   |   0   |   0   |   0   |   0   |   0   |   0   |   1   |   0   |
|   1   |   0   |   0   |   1   |   0   |   0   |   0   |   1   |   0   |   0   |   0   |   0   |   0   |   0   |   0   |   1   |   0   |
|   1   |   0   |   1   |   0   |   0   |   0   |   0   |   1   |   0   |   0   |   0   |   0   |   0   |   0   |   0   |   1   |   0   |
|   1   |   0   |   1   |   1   |   0   |   0   |   0   |   1   |   0   |   0   |   0   |   0   |   0   |   0   |   0   |   1   |   0   |
|   1   |   1   |   0   |   0   |   0   |   0   |   0   |   1   |   0   |   0   |   0   |   0   |   0   |   0   |   0   |   1   |   0   |
|   1   |   1   |   0   |   1   |   0   |   0   |   0   |   1   |   0   |   0   |   0   |   0   |   0   |   0   |   0   |   1   |   0   |
|   1   |   1   |   1   |   0   |   0   |   0   |   0   |   1   |   0   |   0   |   0   |   0   |   0   |   0   |   0   |   1   |   0   |
|   1   |   1   |   1   |   1   |   0   |   0   |   0   |   1   |   0   |   0   |   0   |   0   |   0   |   0   |   0   |   1   |   0   |
|   0   |   0   |   0   |   0   |   0   |   0   |   1   |   0   |   0   |   0   |   0   |   0   |   0   |   0   |   0   |   0   |   1   |
|   0   |   0   |   0   |   1   |   0   |   0   |   1   |   0   |   0   |   0   |   1   |   0   |   0   |   0   |   0   |   0   |   0   |
|   0   |   0   |   1   |   0   |   0   |   0   |   1   |   0   |   0   |   0   |   0   |   1   |   0   |   0   |   0   |   0   |   0   |
|   0   |   0   |   1   |   1   |   0   |   0   |   1   |   0   |   0   |   0   |   0   |   0   |   0   |   0   |   1   |   0   |   0   |
|   0   |   1   |   0   |   0   |   0   |   0   |   1   |   0   |   0   |   0   |   0   |   0   |   0   |   0   |   1   |   0   |   0   |
|   0   |   1   |   0   |   1   |   0   |   0   |   1   |   0   |   0   |   0   |   0   |   0   |   0   |   0   |   1   |   0   |   0   |
|   0   |   1   |   1   |   0   |   0   |   0   |   1   |   0   |   0   |   0   |   0   |   0   |   0   |   0   |   1   |   0   |   0   |
|   0   |   1   |   1   |   1   |   0   |   0   |   1   |   0   |   0   |   0   |   0   |   0   |   0   |   0   |   1   |   0   |   0   |
|   1   |   0   |   0   |   0   |   0   |   0   |   1   |   0   |   0   |   0   |   0   |   0   |   0   |   0   |   1   |   0   |   0   |
|   1   |   0   |   0   |   1   |   0   |   0   |   1   |   0   |   0   |   0   |   0   |   0   |   0   |   0   |   1   |   0   |   0   |
|   1   |   0   |   1   |   0   |   0   |   0   |   1   |   0   |   0   |   0   |   0   |   0   |   0   |   0   |   1   |   0   |   0   |
|   1   |   0   |   1   |   1   |   0   |   0   |   1   |   0   |   0   |   0   |   0   |   0   |   0   |   0   |   1   |   0   |   0   |
|   1   |   1   |   0   |   0   |   0   |   0   |   1   |   0   |   0   |   0   |   0   |   0   |   0   |   0   |   1   |   0   |   0   |
|   1   |   1   |   0   |   1   |   0   |   0   |   1   |   0   |   0   |   0   |   0   |   0   |   0   |   0   |   1   |   0   |   0   |
|   1   |   1   |   1   |   0   |   0   |   0   |   1   |   0   |   0   |   0   |   0   |   0   |   0   |   0   |   1   |   0   |   0   |
|   1   |   1   |   1   |   1   |   0   |   0   |   1   |   0   |   0   |   0   |   0   |   0   |   0   |   0   |   1   |   0   |   0   |
|   0   |   0   |   0   |   0   |   0   |   0   |   1   |   1   |   0   |   0   |   0   |   0   |   0   |   0   |   0   |   0   |   1   |
|   0   |   0   |   0   |   1   |   0   |   0   |   1   |   1   |   0   |   0   |   1   |   1   |   0   |   0   |   0   |   0   |   0   |
|   0   |   0   |   1   |   0   |   0   |   0   |   1   |   1   |   0   |   0   |   0   |   1   |   0   |   0   |   0   |   1   |   0   |
|   0   |   0   |   1   |   1   |   0   |   0   |   1   |   1   |   0   |   0   |   0   |   1   |   0   |   0   |   0   |   0   |   0   |
|   0   |   1   |   0   |   0   |   0   |   0   |   1   |   1   |   0   |   0   |   0   |   0   |   0   |   0   |   1   |   1   |   0   |
|   0   |   1   |   0   |   1   |   0   |   0   |   1   |   1   |   0   |   0   |   0   |   0   |   0   |   0   |   1   |   1   |   0   |
|   0   |   1   |   1   |   0   |   0   |   0   |   1   |   1   |   0   |   0   |   0   |   0   |   0   |   0   |   1   |   1   |   0   |
|   0   |   1   |   1   |   1   |   0   |   0   |   1   |   1   |   0   |   0   |   0   |   0   |   0   |   0   |   1   |   1   |   0   |
|   1   |   0   |   0   |   0   |   0   |   0   |   1   |   1   |   0   |   0   |   0   |   0   |   0   |   0   |   1   |   1   |   0   |
|   1   |   0   |   0   |   1   |   0   |   0   |   1   |   1   |   0   |   0   |   0   |   0   |   0   |   0   |   1   |   1   |   0   |
|   1   |   0   |   1   |   0   |   0   |   0   |   1   |   1   |   0   |   0   |   0   |   0   |   0   |   0   |   1   |   1   |   0   |
|   1   |   0   |   1   |   1   |   0   |   0   |   1   |   1   |   0   |   0   |   0   |   0   |   0   |   0   |   1   |   1   |   0   |
|   1   |   1   |   0   |   0   |   0   |   0   |   1   |   1   |   0   |   0   |   0   |   0   |   0   |   0   |   1   |   1   |   0   |
|   1   |   1   |   0   |   1   |   0   |   0   |   1   |   1   |   0   |   0   |   0   |   0   |   0   |   0   |   1   |   1   |   0   |
|   1   |   1   |   1   |   0   |   0   |   0   |   1   |   1   |   0   |   0   |   0   |   0   |   0   |   0   |   1   |   1   |   0   |
|   1   |   1   |   1   |   1   |   0   |   0   |   1   |   1   |   0   |   0   |   0   |   0   |   0   |   0   |   1   |   1   |   0   |
|   0   |   0   |   0   |   0   |   0   |   1   |   0   |   0   |   0   |   0   |   0   |   0   |   0   |   0   |   0   |   0   |   1   |
|   0   |   0   |   0   |   1   |   0   |   1   |   0   |   0   |   0   |   1   |   0   |   0   |   0   |   0   |   0   |   0   |   0   |
|   0   |   0   |   1   |   0   |   0   |   1   |   0   |   0   |   0   |   0   |   1   |   0   |   0   |   0   |   0   |   0   |   0   |
|   0   |   0   |   1   |   1   |   0   |   1   |   0   |   0   |   0   |   0   |   0   |   1   |   0   |   0   |   0   |   1   |   0   |
|   0   |   1   |   0   |   0   |   0   |   1   |   0   |   0   |   0   |   0   |   0   |   1   |   0   |   0   |   0   |   0   |   0   |
|   0   |   1   |   0   |   1   |   0   |   1   |   0   |   0   |   0   |   0   |   0   |   0   |   0   |   1   |   0   |   0   |   0   |
|   0   |   1   |   1   |   0   |   0   |   1   |   0   |   0   |   0   |   0   |   0   |   0   |   0   |   1   |   0   |   0   |   0   |
|   0   |   1   |   1   |   1   |   0   |   1   |   0   |   0   |   0   |   0   |   0   |   0   |   0   |   1   |   0   |   0   |   0   |
|   1   |   0   |   0   |   0   |   0   |   1   |   0   |   0   |   0   |   0   |   0   |   0   |   0   |   1   |   0   |   0   |   0   |
|   1   |   0   |   0   |   1   |   0   |   1   |   0   |   0   |   0   |   0   |   0   |   0   |   0   |   1   |   0   |   0   |   0   |
|   1   |   0   |   1   |   0   |   0   |   1   |   0   |   0   |   0   |   0   |   0   |   0   |   0   |   1   |   0   |   0   |   0   |
|   1   |   0   |   1   |   1   |   0   |   1   |   0   |   0   |   0   |   0   |   0   |   0   |   0   |   1   |   0   |   0   |   0   |
|   1   |   1   |   0   |   0   |   0   |   1   |   0   |   0   |   0   |   0   |   0   |   0   |   0   |   1   |   0   |   0   |   0   |
|   1   |   1   |   0   |   1   |   0   |   1   |   0   |   0   |   0   |   0   |   0   |   0   |   0   |   1   |   0   |   0   |   0   |
|   1   |   1   |   1   |   0   |   0   |   1   |   0   |   0   |   0   |   0   |   0   |   0   |   0   |   1   |   0   |   0   |   0   |
|   1   |   1   |   1   |   1   |   0   |   1   |   0   |   0   |   0   |   0   |   0   |   0   |   0   |   1   |   0   |   0   |   0   |
|   0   |   0   |   0   |   0   |   0   |   1   |   0   |   1   |   0   |   0   |   0   |   0   |   0   |   0   |   0   |   0   |   1   |
|   0   |   0   |   0   |   1   |   0   |   1   |   0   |   1   |   0   |   1   |   0   |   1   |   0   |   0   |   0   |   0   |   0   |
|   0   |   0   |   1   |   0   |   0   |   1   |   0   |   1   |   0   |   0   |   1   |   0   |   0   |   0   |   0   |   1   |   0   |
|   0   |   0   |   1   |   1   |   0   |   1   |   0   |   1   |   0   |   0   |   0   |   1   |   0   |   0   |   1   |   0   |   0   |
|   0   |   1   |   0   |   0   |   0   |   1   |   0   |   1   |   0   |   0   |   0   |   1   |   0   |   0   |   0   |   1   |   0   |
|   0   |   1   |   0   |   1   |   0   |   1   |   0   |   1   |   0   |   0   |   0   |   1   |   0   |   0   |   0   |   0   |   0   |
|   0   |   1   |   1   |   0   |   0   |   1   |   0   |   1   |   0   |   0   |   0   |   0   |   0   |   1   |   0   |   1   |   0   |
|   0   |   1   |   1   |   1   |   0   |   1   |   0   |   1   |   0   |   0   |   0   |   0   |   0   |   1   |   0   |   1   |   0   |
|   1   |   0   |   0   |   0   |   0   |   1   |   0   |   1   |   0   |   0   |   0   |   0   |   0   |   1   |   0   |   1   |   0   |
|   1   |   0   |   0   |   1   |   0   |   1   |   0   |   1   |   0   |   0   |   0   |   0   |   0   |   1   |   0   |   1   |   0   |
|   1   |   0   |   1   |   0   |   0   |   1   |   0   |   1   |   0   |   0   |   0   |   0   |   0   |   1   |   0   |   1   |   0   |
|   1   |   0   |   1   |   1   |   0   |   1   |   0   |   1   |   0   |   0   |   0   |   0   |   0   |   1   |   0   |   1   |   0   |
|   1   |   1   |   0   |   0   |   0   |   1   |   0   |   1   |   0   |   0   |   0   |   0   |   0   |   1   |   0   |   1   |   0   |
|   1   |   1   |   0   |   1   |   0   |   1   |   0   |   1   |   0   |   0   |   0   |   0   |   0   |   1   |   0   |   1   |   0   |
|   1   |   1   |   1   |   0   |   0   |   1   |   0   |   1   |   0   |   0   |   0   |   0   |   0   |   1   |   0   |   1   |   0   |
|   1   |   1   |   1   |   1   |   0   |   1   |   0   |   1   |   0   |   0   |   0   |   0   |   0   |   1   |   0   |   1   |   0   |
|   0   |   0   |   0   |   0   |   0   |   1   |   1   |   0   |   0   |   0   |   0   |   0   |   0   |   0   |   0   |   0   |   1   |
|   0   |   0   |   0   |   1   |   0   |   1   |   1   |   0   |   0   |   1   |   1   |   0   |   0   |   0   |   0   |   0   |   0   |
|   0   |   0   |   1   |   0   |   0   |   1   |   1   |   0   |   0   |   0   |   1   |   1   |   0   |   0   |   0   |   0   |   0   |
|   0   |   0   |   1   |   1   |   0   |   1   |   1   |   0   |   0   |   0   |   1   |   0   |   0   |   0   |   0   |   0   |   0   |
|   0   |   1   |   0   |   0   |   0   |   1   |   1   |   0   |   0   |   0   |   0   |   1   |   0   |   0   |   1   |   0   |   0   |
|   0   |   1   |   0   |   1   |   0   |   1   |   1   |   0   |   0   |   0   |   0   |   1   |   0   |   0   |   0   |   1   |   0   |
|   0   |   1   |   1   |   0   |   0   |   1   |   1   |   0   |   0   |   0   |   0   |   1   |   0   |   0   |   0   |   0   |   0   |
|   0   |   1   |   1   |   1   |   0   |   1   |   1   |   0   |   0   |   0   |   0   |   0   |   0   |   1   |   1   |   0   |   0   |
|   1   |   0   |   0   |   0   |   0   |   1   |   1   |   0   |   0   |   0   |   0   |   0   |   0   |   1   |   1   |   0   |   0   |
|   1   |   0   |   0   |   1   |   0   |   1   |   1   |   0   |   0   |   0   |   0   |   0   |   0   |   1   |   1   |   0   |   0   |
|   1   |   0   |   1   |   0   |   0   |   1   |   1   |   0   |   0   |   0   |   0   |   0   |   0   |   1   |   1   |   0   |   0   |
|   1   |   0   |   1   |   1   |   0   |   1   |   1   |   0   |   0   |   0   |   0   |   0   |   0   |   1   |   1   |   0   |   0   |
|   1   |   1   |   0   |   0   |   0   |   1   |   1   |   0   |   0   |   0   |   0   |   0   |   0   |   1   |   1   |   0   |   0   |
|   1   |   1   |   0   |   1   |   0   |   1   |   1   |   0   |   0   |   0   |   0   |   0   |   0   |   1   |   1   |   0   |   0   |
|   1   |   1   |   1   |   0   |   0   |   1   |   1   |   0   |   0   |   0   |   0   |   0   |   0   |   1   |   1   |   0   |   0   |
|   1   |   1   |   1   |   1   |   0   |   1   |   1   |   0   |   0   |   0   |   0   |   0   |   0   |   1   |   1   |   0   |   0   |
|   0   |   0   |   0   |   0   |   0   |   1   |   1   |   1   |   0   |   0   |   0   |   0   |   0   |   0   |   0   |   0   |   1   |
|   0   |   0   |   0   |   1   |   0   |   1   |   1   |   1   |   0   |   1   |   1   |   1   |   0   |   0   |   0   |   0   |   0   |
|   0   |   0   |   1   |   0   |   0   |   1   |   1   |   1   |   0   |   0   |   1   |   1   |   0   |   0   |   0   |   1   |   0   |
|   0   |   0   |   1   |   1   |   0   |   1   |   1   |   1   |   0   |   0   |   1   |   0   |   0   |   0   |   0   |   1   |   0   |
|   0   |   1   |   0   |   0   |   0   |   1   |   1   |   1   |   0   |   0   |   0   |   1   |   0   |   0   |   1   |   1   |   0   |
|   0   |   1   |   0   |   1   |   0   |   1   |   1   |   1   |   0   |   0   |   0   |   1   |   0   |   0   |   1   |   0   |   0   |
|   0   |   1   |   1   |   0   |   0   |   1   |   1   |   1   |   0   |   0   |   0   |   1   |   0   |   0   |   0   |   1   |   0   |
|   0   |   1   |   1   |   1   |   0   |   1   |   1   |   1   |   0   |   0   |   0   |   1   |   0   |   0   |   0   |   0   |   0   |
|   1   |   0   |   0   |   0   |   0   |   1   |   1   |   1   |   0   |   0   |   0   |   0   |   0   |   1   |   1   |   1   |   0   |
|   1   |   0   |   0   |   1   |   0   |   1   |   1   |   1   |   0   |   0   |   0   |   0   |   0   |   1   |   1   |   1   |   0   |
|   1   |   0   |   1   |   0   |   0   |   1   |   1   |   1   |   0   |   0   |   0   |   0   |   0   |   1   |   1   |   1   |   0   |
|   1   |   0   |   1   |   1   |   0   |   1   |   1   |   1   |   0   |   0   |   0   |   0   |   0   |   1   |   1   |   1   |   0   |
|   1   |   1   |   0   |   0   |   0   |   1   |   1   |   1   |   0   |   0   |   0   |   0   |   0   |   1   |   1   |   1   |   0   |
|   1   |   1   |   0   |   1   |   0   |   1   |   1   |   1   |   0   |   0   |   0   |   0   |   0   |   1   |   1   |   1   |   0   |
|   1   |   1   |   1   |   0   |   0   |   1   |   1   |   1   |   0   |   0   |   0   |   0   |   0   |   1   |   1   |   1   |   0   |
|   1   |   1   |   1   |   1   |   0   |   1   |   1   |   1   |   0   |   0   |   0   |   0   |   0   |   1   |   1   |   1   |   0   |
|   0   |   0   |   0   |   0   |   1   |   0   |   0   |   0   |   0   |   0   |   0   |   0   |   0   |   0   |   0   |   0   |   1   |
|   0   |   0   |   0   |   1   |   1   |   0   |   0   |   0   |   1   |   0   |   0   |   0   |   0   |   0   |   0   |   0   |   0   |
|   0   |   0   |   1   |   0   |   1   |   0   |   0   |   0   |   0   |   1   |   0   |   0   |   0   |   0   |   0   |   0   |   0   |
|   0   |   0   |   1   |   1   |   1   |   0   |   0   |   0   |   0   |   0   |   1   |   0   |   0   |   0   |   1   |   0   |   0   |
|   0   |   1   |   0   |   0   |   1   |   0   |   0   |   0   |   0   |   0   |   1   |   0   |   0   |   0   |   0   |   0   |   0   |
|   0   |   1   |   0   |   1   |   1   |   0   |   0   |   0   |   0   |   0   |   0   |   1   |   0   |   0   |   1   |   1   |   0   |
|   0   |   1   |   1   |   0   |   1   |   0   |   0   |   0   |   0   |   0   |   0   |   1   |   0   |   0   |   1   |   0   |   0   |
|   0   |   1   |   1   |   1   |   1   |   0   |   0   |   0   |   0   |   0   |   0   |   1   |   0   |   0   |   0   |   1   |   0   |
|   1   |   0   |   0   |   0   |   1   |   0   |   0   |   0   |   0   |   0   |   0   |   1   |   0   |   0   |   0   |   0   |   0   |
|   1   |   0   |   0   |   1   |   1   |   0   |   0   |   0   |   0   |   0   |   0   |   0   |   1   |   0   |   0   |   0   |   0   |
|   1   |   0   |   1   |   0   |   1   |   0   |   0   |   0   |   0   |   0   |   0   |   0   |   1   |   0   |   0   |   0   |   0   |
|   1   |   0   |   1   |   1   |   1   |   0   |   0   |   0   |   0   |   0   |   0   |   0   |   1   |   0   |   0   |   0   |   0   |
|   1   |   1   |   0   |   0   |   1   |   0   |   0   |   0   |   0   |   0   |   0   |   0   |   1   |   0   |   0   |   0   |   0   |
|   1   |   1   |   0   |   1   |   1   |   0   |   0   |   0   |   0   |   0   |   0   |   0   |   1   |   0   |   0   |   0   |   0   |
|   1   |   1   |   1   |   0   |   1   |   0   |   0   |   0   |   0   |   0   |   0   |   0   |   1   |   0   |   0   |   0   |   0   |
|   1   |   1   |   1   |   1   |   1   |   0   |   0   |   0   |   0   |   0   |   0   |   0   |   1   |   0   |   0   |   0   |   0   |
|   0   |   0   |   0   |   0   |   1   |   0   |   0   |   1   |   0   |   0   |   0   |   0   |   0   |   0   |   0   |   0   |   1   |
|   0   |   0   |   0   |   1   |   1   |   0   |   0   |   1   |   1   |   0   |   0   |   1   |   0   |   0   |   0   |   0   |   0   |
|   0   |   0   |   1   |   0   |   1   |   0   |   0   |   1   |   0   |   1   |   0   |   0   |   0   |   0   |   0   |   1   |   0   |
|   0   |   0   |   1   |   1   |   1   |   0   |   0   |   1   |   0   |   0   |   1   |   1   |   0   |   0   |   0   |   0   |   0   |
|   0   |   1   |   0   |   0   |   1   |   0   |   0   |   1   |   0   |   0   |   1   |   0   |   0   |   0   |   0   |   1   |   0   |
|   0   |   1   |   0   |   1   |   1   |   0   |   0   |   1   |   0   |   0   |   0   |   1   |   0   |   1   |   0   |   0   |   0   |
|   0   |   1   |   1   |   0   |   1   |   0   |   0   |   1   |   0   |   0   |   0   |   1   |   0   |   0   |   1   |   1   |   0   |
|   0   |   1   |   1   |   1   |   1   |   0   |   0   |   1   |   0   |   0   |   0   |   1   |   0   |   0   |   1   |   0   |   0   |
|   1   |   0   |   0   |   0   |   1   |   0   |   0   |   1   |   0   |   0   |   0   |   1   |   0   |   0   |   0   |   1   |   0   |
|   1   |   0   |   0   |   1   |   1   |   0   |   0   |   1   |   0   |   0   |   0   |   1   |   0   |   0   |   0   |   0   |   0   |
|   1   |   0   |   1   |   0   |   1   |   0   |   0   |   1   |   0   |   0   |   0   |   0   |   1   |   0   |   0   |   1   |   0   |
|   1   |   0   |   1   |   1   |   1   |   0   |   0   |   1   |   0   |   0   |   0   |   0   |   1   |   0   |   0   |   1   |   0   |
|   1   |   1   |   0   |   0   |   1   |   0   |   0   |   1   |   0   |   0   |   0   |   0   |   1   |   0   |   0   |   1   |   0   |
|   1   |   1   |   0   |   1   |   1   |   0   |   0   |   1   |   0   |   0   |   0   |   0   |   1   |   0   |   0   |   1   |   0   |
|   1   |   1   |   1   |   0   |   1   |   0   |   0   |   1   |   0   |   0   |   0   |   0   |   1   |   0   |   0   |   1   |   0   |
|   1   |   1   |   1   |   1   |   1   |   0   |   0   |   1   |   0   |   0   |   0   |   0   |   1   |   0   |   0   |   1   |   0   |
|   0   |   0   |   0   |   0   |   1   |   0   |   1   |   0   |   0   |   0   |   0   |   0   |   0   |   0   |   0   |   0   |   1   |
|   0   |   0   |   0   |   1   |   1   |   0   |   1   |   0   |   1   |   0   |   1   |   0   |   0   |   0   |   0   |   0   |   0   |
|   0   |   0   |   1   |   0   |   1   |   0   |   1   |   0   |   0   |   1   |   0   |   1   |   0   |   0   |   0   |   0   |   0   |
|   0   |   0   |   1   |   1   |   1   |   0   |   1   |   0   |   0   |   0   |   1   |   1   |   0   |   0   |   0   |   1   |   0   |
|   0   |   1   |   0   |   0   |   1   |   0   |   1   |   0   |   0   |   0   |   1   |   0   |   0   |   0   |   1   |   0   |   0   |
|   0   |   1   |   0   |   1   |   1   |   0   |   1   |   0   |   0   |   0   |   1   |   0   |   0   |   0   |   0   |   0   |   0   |
|   0   |   1   |   1   |   0   |   1   |   0   |   1   |   0   |   0   |   0   |   0   |   1   |   0   |   1   |   0   |   0   |   0   |
|   0   |   1   |   1   |   1   |   1   |   0   |   1   |   0   |   0   |   0   |   0   |   1   |   0   |   0   |   1   |   1   |   0   |
|   1   |   0   |   0   |   0   |   1   |   0   |   1   |   0   |   0   |   0   |   0   |   1   |   0   |   0   |   1   |   0   |   0   |
|   1   |   0   |   0   |   1   |   1   |   0   |   1   |   0   |   0   |   0   |   0   |   1   |   0   |   0   |   0   |   1   |   0   |
|   1   |   0   |   1   |   0   |   1   |   0   |   1   |   0   |   0   |   0   |   0   |   1   |   0   |   0   |   0   |   0   |   0   |
|   1   |   0   |   1   |   1   |   1   |   0   |   1   |   0   |   0   |   0   |   0   |   0   |   1   |   0   |   1   |   0   |   0   |
|   1   |   1   |   0   |   0   |   1   |   0   |   1   |   0   |   0   |   0   |   0   |   0   |   1   |   0   |   1   |   0   |   0   |
|   1   |   1   |   0   |   1   |   1   |   0   |   1   |   0   |   0   |   0   |   0   |   0   |   1   |   0   |   1   |   0   |   0   |
|   1   |   1   |   1   |   0   |   1   |   0   |   1   |   0   |   0   |   0   |   0   |   0   |   1   |   0   |   1   |   0   |   0   |
|   1   |   1   |   1   |   1   |   1   |   0   |   1   |   0   |   0   |   0   |   0   |   0   |   1   |   0   |   1   |   0   |   0   |
|   0   |   0   |   0   |   0   |   1   |   0   |   1   |   1   |   0   |   0   |   0   |   0   |   0   |   0   |   0   |   0   |   1   |
|   0   |   0   |   0   |   1   |   1   |   0   |   1   |   1   |   1   |   0   |   1   |   1   |   0   |   0   |   0   |   0   |   0   |
|   0   |   0   |   1   |   0   |   1   |   0   |   1   |   1   |   0   |   1   |   0   |   1   |   0   |   0   |   0   |   1   |   0   |
|   0   |   0   |   1   |   1   |   1   |   0   |   1   |   1   |   0   |   0   |   1   |   1   |   0   |   0   |   1   |   0   |   0   |
|   0   |   1   |   0   |   0   |   1   |   0   |   1   |   1   |   0   |   0   |   1   |   0   |   0   |   0   |   1   |   1   |   0   |
|   0   |   1   |   0   |   1   |   1   |   0   |   1   |   1   |   0   |   0   |   1   |   0   |   0   |   0   |   0   |   1   |   0   |
|   0   |   1   |   1   |   0   |   1   |   0   |   1   |   1   |   0   |   0   |   0   |   1   |   0   |   1   |   0   |   1   |   0   |
|   0   |   1   |   1   |   1   |   1   |   0   |   1   |   1   |   0   |   0   |   0   |   1   |   0   |   1   |   0   |   0   |   0   |
|   1   |   0   |   0   |   0   |   1   |   0   |   1   |   1   |   0   |   0   |   0   |   1   |   0   |   0   |   1   |   1   |   0   |
|   1   |   0   |   0   |   1   |   1   |   0   |   1   |   1   |   0   |   0   |   0   |   1   |   0   |   0   |   1   |   0   |   0   |
|   1   |   0   |   1   |   0   |   1   |   0   |   1   |   1   |   0   |   0   |   0   |   1   |   0   |   0   |   0   |   1   |   0   |
|   1   |   0   |   1   |   1   |   1   |   0   |   1   |   1   |   0   |   0   |   0   |   1   |   0   |   0   |   0   |   0   |   0   |
|   1   |   1   |   0   |   0   |   1   |   0   |   1   |   1   |   0   |   0   |   0   |   0   |   1   |   0   |   1   |   1   |   0   |
|   1   |   1   |   0   |   1   |   1   |   0   |   1   |   1   |   0   |   0   |   0   |   0   |   1   |   0   |   1   |   1   |   0   |
|   1   |   1   |   1   |   0   |   1   |   0   |   1   |   1   |   0   |   0   |   0   |   0   |   1   |   0   |   1   |   1   |   0   |
|   1   |   1   |   1   |   1   |   1   |   0   |   1   |   1   |   0   |   0   |   0   |   0   |   1   |   0   |   1   |   1   |   0   |
|   0   |   0   |   0   |   0   |   1   |   1   |   0   |   0   |   0   |   0   |   0   |   0   |   0   |   0   |   0   |   0   |   1   |
|   0   |   0   |   0   |   1   |   1   |   1   |   0   |   0   |   1   |   1   |   0   |   0   |   0   |   0   |   0   |   0   |   0   |
|   0   |   0   |   1   |   0   |   1   |   1   |   0   |   0   |   0   |   1   |   1   |   0   |   0   |   0   |   0   |   0   |   0   |
|   0   |   0   |   1   |   1   |   1   |   1   |   0   |   0   |   0   |   1   |   0   |   0   |   0   |   0   |   0   |   0   |   0   |
|   0   |   1   |   0   |   0   |   1   |   1   |   0   |   0   |   0   |   0   |   1   |   1   |   0   |   0   |   0   |   0   |   0   |
|   0   |   1   |   0   |   1   |   1   |   1   |   0   |   0   |   0   |   0   |   1   |   0   |   0   |   0   |   1   |   0   |   0   |
|   0   |   1   |   1   |   0   |   1   |   1   |   0   |   0   |   0   |   0   |   1   |   0   |   0   |   0   |   0   |   0   |   0   |
|   0   |   1   |   1   |   1   |   1   |   1   |   0   |   0   |   0   |   0   |   0   |   1   |   0   |   1   |   0   |   1   |   0   |
|   1   |   0   |   0   |   0   |   1   |   1   |   0   |   0   |   0   |   0   |   0   |   1   |   0   |   1   |   0   |   0   |   0   |
|   1   |   0   |   0   |   1   |   1   |   1   |   0   |   0   |   0   |   0   |   0   |   1   |   0   |   0   |   1   |   1   |   0   |
|   1   |   0   |   1   |   0   |   1   |   1   |   0   |   0   |   0   |   0   |   0   |   1   |   0   |   0   |   1   |   0   |   0   |
|   1   |   0   |   1   |   1   |   1   |   1   |   0   |   0   |   0   |   0   |   0   |   1   |   0   |   0   |   0   |   1   |   0   |
|   1   |   1   |   0   |   0   |   1   |   1   |   0   |   0   |   0   |   0   |   0   |   1   |   0   |   0   |   0   |   0   |   0   |
|   1   |   1   |   0   |   1   |   1   |   1   |   0   |   0   |   0   |   0   |   0   |   0   |   1   |   1   |   0   |   0   |   0   |
|   1   |   1   |   1   |   0   |   1   |   1   |   0   |   0   |   0   |   0   |   0   |   0   |   1   |   1   |   0   |   0   |   0   |
|   1   |   1   |   1   |   1   |   1   |   1   |   0   |   0   |   0   |   0   |   0   |   0   |   1   |   1   |   0   |   0   |   0   |
|   0   |   0   |   0   |   0   |   1   |   1   |   0   |   1   |   0   |   0   |   0   |   0   |   0   |   0   |   0   |   0   |   1   |
|   0   |   0   |   0   |   1   |   1   |   1   |   0   |   1   |   1   |   1   |   0   |   1   |   0   |   0   |   0   |   0   |   0   |
|   0   |   0   |   1   |   0   |   1   |   1   |   0   |   1   |   0   |   1   |   1   |   0   |   0   |   0   |   0   |   1   |   0   |
|   0   |   0   |   1   |   1   |   1   |   1   |   0   |   1   |   0   |   1   |   0   |   0   |   0   |   0   |   0   |   1   |   0   |
|   0   |   1   |   0   |   0   |   1   |   1   |   0   |   1   |   0   |   0   |   1   |   1   |   0   |   0   |   0   |   1   |   0   |
|   0   |   1   |   0   |   1   |   1   |   1   |   0   |   1   |   0   |   0   |   1   |   0   |   0   |   0   |   1   |   1   |   0   |
|   0   |   1   |   1   |   0   |   1   |   1   |   0   |   1   |   0   |   0   |   1   |   0   |   0   |   0   |   0   |   1   |   0   |
|   0   |   1   |   1   |   1   |   1   |   1   |   0   |   1   |   0   |   0   |   0   |   1   |   0   |   1   |   1   |   0   |   0   |
|   1   |   0   |   0   |   0   |   1   |   1   |   0   |   1   |   0   |   0   |   0   |   1   |   0   |   1   |   0   |   1   |   0   |
|   1   |   0   |   0   |   1   |   1   |   1   |   0   |   1   |   0   |   0   |   0   |   1   |   0   |   1   |   0   |   0   |   0   |
|   1   |   0   |   1   |   0   |   1   |   1   |   0   |   1   |   0   |   0   |   0   |   1   |   0   |   0   |   1   |   1   |   0   |
|   1   |   0   |   1   |   1   |   1   |   1   |   0   |   1   |   0   |   0   |   0   |   1   |   0   |   0   |   1   |   0   |   0   |
|   1   |   1   |   0   |   0   |   1   |   1   |   0   |   1   |   0   |   0   |   0   |   1   |   0   |   0   |   0   |   1   |   0   |
|   1   |   1   |   0   |   1   |   1   |   1   |   0   |   1   |   0   |   0   |   0   |   1   |   0   |   0   |   0   |   0   |   0   |
|   1   |   1   |   1   |   0   |   1   |   1   |   0   |   1   |   0   |   0   |   0   |   0   |   1   |   1   |   0   |   1   |   0   |
|   1   |   1   |   1   |   1   |   1   |   1   |   0   |   1   |   0   |   0   |   0   |   0   |   1   |   1   |   0   |   1   |   0   |
|   0   |   0   |   0   |   0   |   1   |   1   |   1   |   0   |   0   |   0   |   0   |   0   |   0   |   0   |   0   |   0   |   1   |
|   0   |   0   |   0   |   1   |   1   |   1   |   1   |   0   |   1   |   1   |   1   |   0   |   0   |   0   |   0   |   0   |   0   |
|   0   |   0   |   1   |   0   |   1   |   1   |   1   |   0   |   0   |   1   |   1   |   1   |   0   |   0   |   0   |   0   |   0   |
|   0   |   0   |   1   |   1   |   1   |   1   |   1   |   0   |   0   |   1   |   0   |   0   |   0   |   0   |   1   |   0   |   0   |
|   0   |   1   |   0   |   0   |   1   |   1   |   1   |   0   |   0   |   0   |   1   |   1   |   0   |   0   |   1   |   0   |   0   |
|   0   |   1   |   0   |   1   |   1   |   1   |   1   |   0   |   0   |   0   |   1   |   0   |   0   |   1   |   0   |   0   |   0   |
|   0   |   1   |   1   |   0   |   1   |   1   |   1   |   0   |   0   |   0   |   1   |   0   |   0   |   0   |   1   |   0   |   0   |
|   0   |   1   |   1   |   1   |   1   |   1   |   1   |   0   |   0   |   0   |   1   |   0   |   0   |   0   |   0   |   0   |   0   |
|   1   |   0   |   0   |   0   |   1   |   1   |   1   |   0   |   0   |   0   |   0   |   1   |   0   |   1   |   1   |   0   |   0   |
|   1   |   0   |   0   |   1   |   1   |   1   |   1   |   0   |   0   |   0   |   0   |   1   |   0   |   1   |   0   |   1   |   0   |
|   1   |   0   |   1   |   0   |   1   |   1   |   1   |   0   |   0   |   0   |   0   |   1   |   0   |   1   |   0   |   0   |   0   |
|   1   |   0   |   1   |   1   |   1   |   1   |   1   |   0   |   0   |   0   |   0   |   1   |   0   |   0   |   1   |   1   |   0   |
|   1   |   1   |   0   |   0   |   1   |   1   |   1   |   0   |   0   |   0   |   0   |   1   |   0   |   0   |   1   |   0   |   0   |
|   1   |   1   |   0   |   1   |   1   |   1   |   1   |   0   |   0   |   0   |   0   |   1   |   0   |   0   |   0   |   1   |   0   |
|   1   |   1   |   1   |   0   |   1   |   1   |   1   |   0   |   0   |   0   |   0   |   1   |   0   |   0   |   0   |   0   |   0   |
|   1   |   1   |   1   |   1   |   1   |   1   |   1   |   0   |   0   |   0   |   0   |   0   |   1   |   1   |   1   |   0   |   0   |
|   0   |   0   |   0   |   0   |   1   |   1   |   1   |   1   |   0   |   0   |   0   |   0   |   0   |   0   |   0   |   0   |   1   |
|   0   |   0   |   0   |   1   |   1   |   1   |   1   |   1   |   1   |   1   |   1   |   1   |   0   |   0   |   0   |   0   |   0   |
|   0   |   0   |   1   |   0   |   1   |   1   |   1   |   1   |   0   |   1   |   1   |   1   |   0   |   0   |   0   |   1   |   0   |
|   0   |   0   |   1   |   1   |   1   |   1   |   1   |   1   |   0   |   1   |   0   |   1   |   0   |   0   |   0   |   0   |   0   |
|   0   |   1   |   0   |   0   |   1   |   1   |   1   |   1   |   0   |   0   |   1   |   1   |   0   |   0   |   1   |   1   |   0   |
|   0   |   1   |   0   |   1   |   1   |   1   |   1   |   1   |   0   |   0   |   1   |   1   |   0   |   0   |   0   |   0   |   0   |
|   0   |   1   |   1   |   0   |   1   |   1   |   1   |   1   |   0   |   0   |   1   |   0   |   0   |   0   |   1   |   1   |   0   |
|   0   |   1   |   1   |   1   |   1   |   1   |   1   |   1   |   0   |   0   |   1   |   0   |   0   |   0   |   0   |   1   |   0   |
|   1   |   0   |   0   |   0   |   1   |   1   |   1   |   1   |   0   |   0   |   0   |   1   |   0   |   1   |   1   |   1   |   0   |
|   1   |   0   |   0   |   1   |   1   |   1   |   1   |   1   |   0   |   0   |   0   |   1   |   0   |   1   |   1   |   0   |   0   |
|   1   |   0   |   1   |   0   |   1   |   1   |   1   |   1   |   0   |   0   |   0   |   1   |   0   |   1   |   0   |   1   |   0   |
|   1   |   0   |   1   |   1   |   1   |   1   |   1   |   1   |   0   |   0   |   0   |   1   |   0   |   1   |   0   |   0   |   0   |
|   1   |   1   |   0   |   0   |   1   |   1   |   1   |   1   |   0   |   0   |   0   |   1   |   0   |   0   |   1   |   1   |   0   |
|   1   |   1   |   0   |   1   |   1   |   1   |   1   |   1   |   0   |   0   |   0   |   1   |   0   |   0   |   1   |   0   |   0   |
|   1   |   1   |   1   |   0   |   1   |   1   |   1   |   1   |   0   |   0   |   0   |   1   |   0   |   0   |   0   |   1   |   0   |
|   1   |   1   |   1   |   1   |   1   |   1   |   1   |   1   |   0   |   0   |   0   |   1   |   0   |   0   |   0   |   0   |   0   |
D_3 & = & A_3\overline{A_2}\overline{A_1}\overline{A_0}\overline{B_3}\overline{B_2}\overline{B_1}B_0 + A_3\overline{A_2}\overline{A_1}A_0\overline{B_3}\overline{B_2}\overline{B_1}B_0 \\ && + A_3\overline{A_2}A_1\overline{A_0}\overline{B_3}\overline{B_2}\overline{B_1}B_0 + A_3\overline{A_2}A_1A_0\overline{B_3}\overline{B_2}\overline{B_1}B_0 + A_3A_2\overline{A_1}\overline{A_0}\overline{B_3}\overline{B_2}\overline{B_1}B_0 \\ && + A_3A_2\overline{A_1}A_0\overline{B_3}\overline{B_2}\overline{B_1}B_0 + A_3A_2A_1\overline{A_0}\overline{B_3}\overline{B_2}\overline{B_1}B_0 + A_3A_2A_1A_0\overline{B_3}\overline{B_2}\overline{B_1}B_0 \\ && + \\ & = &
A_3\overline{B_3}\overline{B_2}\overline{B_1}B_0 + 

D_2 & = & \overline{A_3}A_2\overline{A_1}\overline{A_0}\overline{B_3}\overline{B_2}\overline{B_1}B_0 + \overline{A_3}A_2\overline{A_1}A_0\overline{B_3}\overline{B_2}\overline{B_1}B_0 \\ && + \overline{A_3}A_2A_1\overline{A_0}\overline{B_3}\overline{B_2}\overline{B_1}B_0 + \overline{A_3}A_2A_1A_0\overline{B_3}\overline{B_2}\overline{B_1}B_0 + A_3\overline{A_2}\overline{A_1}\overline{A_0}\overline{B_3}\overline{B_2}B_1\overline{B_0} \\ && + A_3\overline{A_2}\overline{A_1}A_0\overline{B_3}\overline{B_2}B_1\overline{B_0} + A_3\overline{A_2}A_1\overline{A_0}\overline{B_3}\overline{B_2}B_1\overline{B_0} + A_3\overline{A_2}A_1A_0\overline{B_3}\overline{B_2}B_1\overline{B_0} \\ && + A_3A_2\overline{A_1}\overline{A_0}\overline{B_3}\overline{B_2}\overline{B_1}B_0 + A_3A_2\overline{A_1}\overline{A_0}\overline{B_3}\overline{B_2}B_1\overline{B_0} + A_3A_2\overline{A_1}\overline{A_0}\overline{B_3}\overline{B_2}B_1B_0 \\ && + A_3A_2\overline{A_1}A_0\overline{B_3}\overline{B_2}\overline{B_1}B_0 + A_3A_2\overline{A_1}A_0\overline{B_3}\overline{B_2}B_1\overline{B_0} + A_3A_2\overline{A_1}A_0\overline{B_3}\overline{B_2}B_1B_0 \\ && + A_3A_2A_1\overline{A_0}\overline{B_3}\overline{B_2}\overline{B_1}B_0 + A_3A_2A_1\overline{A_0}\overline{B_3}\overline{B_2}B_1\overline{B_0} + A_3A_2A_1\overline{A_0}\overline{B_3}\overline{B_2}B_1B_0 \\ && + A_3A_2A_1A_0\overline{B_3}\overline{B_2}\overline{B_1}B_0 + A_3A_2A_1A_0\overline{B_3}\overline{B_2}B_1\overline{B_0} + A_3A_2A_1A_0\overline{B_3}\overline{B_2}B_1B_0 \\ && + \\ & = &
A_3A_2\overline{B_3}\overline{B_2}B_1 + A_3A_2\overline{B_3}\overline{B_2}B_0 \\ && + A_3\overline{B_3}\overline{B_2}B_1\overline{B_0} + A_2\overline{B_3}\overline{B_2}\overline{B_1}B_0 + 

D_1 & = & \overline{A_3}\overline{A_2}A_1\overline{A_0}\overline{B_3}\overline{B_2}\overline{B_1}B_0 + \overline{A_3}\overline{A_2}A_1A_0\overline{B_3}\overline{B_2}\overline{B_1}B_0 \\ && + \overline{A_3}A_2\overline{A_1}\overline{A_0}\overline{B_3}\overline{B_2}B_1\overline{B_0} + \overline{A_3}A_2\overline{A_1}A_0\overline{B_3}\overline{B_2}B_1\overline{B_0} + \overline{A_3}A_2A_1\overline{A_0}\overline{B_3}\overline{B_2}\overline{B_1}B_0 \\ && + \overline{A_3}A_2A_1\overline{A_0}\overline{B_3}\overline{B_2}B_1\overline{B_0} + \overline{A_3}A_2A_1\overline{A_0}\overline{B_3}\overline{B_2}B_1B_0 + \overline{A_3}A_2A_1A_0\overline{B_3}\overline{B_2}\overline{B_1}B_0 \\ && + \overline{A_3}A_2A_1A_0\overline{B_3}\overline{B_2}B_1\overline{B_0} + \overline{A_3}A_2A_1A_0\overline{B_3}\overline{B_2}B_1B_0 + A_3\overline{A_2}\overline{A_1}\overline{A_0}\overline{B_3}\overline{B_2}B_1B_0 \\ && + A_3\overline{A_2}\overline{A_1}\overline{A_0}\overline{B_3}B_2\overline{B_1}\overline{B_0} + A_3\overline{A_2}\overline{A_1}A_0\overline{B_3}\overline{B_2}B_1B_0 + A_3\overline{A_2}\overline{A_1}A_0\overline{B_3}B_2\overline{B_1}\overline{B_0} \\ && + A_3\overline{A_2}A_1\overline{A_0}\overline{B_3}\overline{B_2}\overline{B_1}B_0 + A_3\overline{A_2}A_1\overline{A_0}\overline{B_3}\overline{B_2}B_1B_0 + A_3\overline{A_2}A_1\overline{A_0}\overline{B_3}B_2\overline{B_1}\overline{B_0} \\ && + A_3\overline{A_2}A_1\overline{A_0}\overline{B_3}B_2\overline{B_1}B_0 + A_3\overline{A_2}A_1A_0\overline{B_3}\overline{B_2}\overline{B_1}B_0 + A_3\overline{A_2}A_1A_0\overline{B_3}\overline{B_2}B_1B_0 \\ && + A_3\overline{A_2}A_1A_0\overline{B_3}B_2\overline{B_1}\overline{B_0} + A_3\overline{A_2}A_1A_0\overline{B_3}B_2\overline{B_1}B_0 + A_3A_2\overline{A_1}\overline{A_0}\overline{B_3}\overline{B_2}B_1\overline{B_0} \\ && + A_3A_2\overline{A_1}\overline{A_0}\overline{B_3}B_2\overline{B_1}\overline{B_0} + A_3A_2\overline{A_1}\overline{A_0}\overline{B_3}B_2\overline{B_1}B_0 + A_3A_2\overline{A_1}\overline{A_0}\overline{B_3}B_2B_1\overline{B_0} \\ && + A_3A_2\overline{A_1}A_0\overline{B_3}\overline{B_2}B_1\overline{B_0} + A_3A_2\overline{A_1}A_0\overline{B_3}B_2\overline{B_1}\overline{B_0} + A_3A_2\overline{A_1}A_0\overline{B_3}B_2\overline{B_1}B_0 \\ && + A_3A_2\overline{A_1}A_0\overline{B_3}B_2B_1\overline{B_0} + A_3A_2A_1\overline{A_0}\overline{B_3}\overline{B_2}\overline{B_1}B_0 + A_3A_2A_1\overline{A_0}\overline{B_3}\overline{B_2}B_1\overline{B_0} \\ && + A_3A_2A_1\overline{A_0}\overline{B_3}B_2\overline{B_1}\overline{B_0} + A_3A_2A_1\overline{A_0}\overline{B_3}B_2\overline{B_1}B_0 + A_3A_2A_1\overline{A_0}\overline{B_3}B_2B_1\overline{B_0} \\ && + A_3A_2A_1\overline{A_0}\overline{B_3}B_2B_1B_0 + A_3A_2A_1A_0\overline{B_3}\overline{B_2}\overline{B_1}B_0 + A_3A_2A_1A_0\overline{B_3}\overline{B_2}B_1\overline{B_0} \\ && + A_3A_2A_1A_0\overline{B_3}B_2\overline{B_1}\overline{B_0} + A_3A_2A_1A_0\overline{B_3}B_2\overline{B_1}B_0 + A_3A_2A_1A_0\overline{B_3}B_2B_1\overline{B_0} \\ && + A_3A_2A_1A_0\overline{B_3}B_2B_1B_0 + \\ & = &
\overline{A_3}A_2A_1\overline{B_3}\overline{B_2}B_1 + \overline{A_3}A_2A_1\overline{B_3}\overline{B_2}B_0 \\ && + A_3\overline{A_2}A_1\overline{B_3}\overline{B_2}B_0 + A_3\overline{A_2}\overline{B_3}\overline{B_2}B_1B_0 + A_3A_2A_1\overline{B_3}B_2 \\ && + A_3A_2\overline{B_3}B_2\overline{B_1} + A_3A_2\overline{B_3}B_2\overline{B_0} + A_3A_2\overline{B_3}B_1\overline{B_0} \\ && + A_3A_1\overline{B_3}B_2\overline{B_1} + A_3A_1\overline{B_3}\overline{B_1}B_0 + A_3\overline{B_3}B_2\overline{B_1}\overline{B_0} \\ && + A_2\overline{B_3}\overline{B_2}B_1\overline{B_0} + A_1\overline{B_3}\overline{B_2}\overline{B_1}B_0 + 

D_0 & = & \overline{A_3}\overline{A_2}\overline{A_1}A_0\overline{B_3}\overline{B_2}\overline{B_1}B_0 + \overline{A_3}\overline{A_2}A_1\overline{A_0}\overline{B_3}\overline{B_2}B_1\overline{B_0} \\ && + \overline{A_3}\overline{A_2}A_1A_0\overline{B_3}\overline{B_2}\overline{B_1}B_0 + \overline{A_3}\overline{A_2}A_1A_0\overline{B_3}\overline{B_2}B_1\overline{B_0} + \overline{A_3}\overline{A_2}A_1A_0\overline{B_3}\overline{B_2}B_1B_0 \\ && + \overline{A_3}A_2\overline{A_1}\overline{A_0}\overline{B_3}\overline{B_2}B_1B_0 + \overline{A_3}A_2\overline{A_1}\overline{A_0}\overline{B_3}B_2\overline{B_1}\overline{B_0} + \overline{A_3}A_2\overline{A_1}A_0\overline{B_3}\overline{B_2}\overline{B_1}B_0 \\ && + \overline{A_3}A_2\overline{A_1}A_0\overline{B_3}\overline{B_2}B_1B_0 + \overline{A_3}A_2\overline{A_1}A_0\overline{B_3}B_2\overline{B_1}\overline{B_0} + \overline{A_3}A_2\overline{A_1}A_0\overline{B_3}B_2\overline{B_1}B_0 \\ && + \overline{A_3}A_2A_1\overline{A_0}\overline{B_3}\overline{B_2}B_1\overline{B_0} + \overline{A_3}A_2A_1\overline{A_0}\overline{B_3}B_2\overline{B_1}\overline{B_0} + \overline{A_3}A_2A_1\overline{A_0}\overline{B_3}B_2\overline{B_1}B_0 \\ && + \overline{A_3}A_2A_1\overline{A_0}\overline{B_3}B_2B_1\overline{B_0} + \overline{A_3}A_2A_1A_0\overline{B_3}\overline{B_2}\overline{B_1}B_0 + \overline{A_3}A_2A_1A_0\overline{B_3}\overline{B_2}B_1\overline{B_0} \\ && + \overline{A_3}A_2A_1A_0\overline{B_3}B_2\overline{B_1}\overline{B_0} + \overline{A_3}A_2A_1A_0\overline{B_3}B_2\overline{B_1}B_0 + \overline{A_3}A_2A_1A_0\overline{B_3}B_2B_1\overline{B_0} \\ && + \overline{A_3}A_2A_1A_0\overline{B_3}B_2B_1B_0 + A_3\overline{A_2}\overline{A_1}\overline{A_0}\overline{B_3}B_2\overline{B_1}B_0 + A_3\overline{A_2}\overline{A_1}\overline{A_0}\overline{B_3}B_2B_1\overline{B_0} \\ && + A_3\overline{A_2}\overline{A_1}\overline{A_0}\overline{B_3}B_2B_1B_0 + A_3\overline{A_2}\overline{A_1}\overline{A_0}B_3\overline{B_2}\overline{B_1}\overline{B_0} + A_3\overline{A_2}\overline{A_1}A_0\overline{B_3}\overline{B_2}\overline{B_1}B_0 \\ && + A_3\overline{A_2}\overline{A_1}A_0\overline{B_3}\overline{B_2}B_1B_0 + A_3\overline{A_2}\overline{A_1}A_0\overline{B_3}B_2\overline{B_1}B_0 + A_3\overline{A_2}\overline{A_1}A_0\overline{B_3}B_2B_1\overline{B_0} \\ && + A_3\overline{A_2}\overline{A_1}A_0\overline{B_3}B_2B_1B_0 + A_3\overline{A_2}\overline{A_1}A_0B_3\overline{B_2}\overline{B_1}\overline{B_0} + A_3\overline{A_2}\overline{A_1}A_0B_3\overline{B_2}\overline{B_1}B_0 \\ && + A_3\overline{A_2}A_1\overline{A_0}\overline{B_3}\overline{B_2}B_1\overline{B_0} + A_3\overline{A_2}A_1\overline{A_0}\overline{B_3}\overline{B_2}B_1B_0 + A_3\overline{A_2}A_1\overline{A_0}\overline{B_3}B_2B_1\overline{B_0} \\ && + A_3\overline{A_2}A_1\overline{A_0}\overline{B_3}B_2B_1B_0 + A_3\overline{A_2}A_1\overline{A_0}B_3\overline{B_2}\overline{B_1}\overline{B_0} + A_3\overline{A_2}A_1\overline{A_0}B_3\overline{B_2}\overline{B_1}B_0 \\ && + A_3\overline{A_2}A_1\overline{A_0}B_3\overline{B_2}B_1\overline{B_0} + A_3\overline{A_2}A_1A_0\overline{B_3}\overline{B_2}\overline{B_1}B_0 + A_3\overline{A_2}A_1A_0\overline{B_3}\overline{B_2}B_1\overline{B_0} \\ && + A_3\overline{A_2}A_1A_0\overline{B_3}\overline{B_2}B_1B_0 + A_3\overline{A_2}A_1A_0\overline{B_3}B_2B_1\overline{B_0} + A_3\overline{A_2}A_1A_0\overline{B_3}B_2B_1B_0 \\ && + A_3\overline{A_2}A_1A_0B_3\overline{B_2}\overline{B_1}\overline{B_0} + A_3\overline{A_2}A_1A_0B_3\overline{B_2}\overline{B_1}B_0 + A_3\overline{A_2}A_1A_0B_3\overline{B_2}B_1\overline{B_0} \\ && + A_3\overline{A_2}A_1A_0B_3\overline{B_2}B_1B_0 + A_3A_2\overline{A_1}\overline{A_0}\overline{B_3}B_2\overline{B_1}\overline{B_0} + A_3A_2\overline{A_1}\overline{A_0}\overline{B_3}B_2B_1B_0 \\ && + A_3A_2\overline{A_1}\overline{A_0}B_3\overline{B_2}\overline{B_1}\overline{B_0} + A_3A_2\overline{A_1}\overline{A_0}B_3\overline{B_2}\overline{B_1}B_0 + A_3A_2\overline{A_1}\overline{A_0}B_3\overline{B_2}B_1\overline{B_0} \\ && + A_3A_2\overline{A_1}\overline{A_0}B_3\overline{B_2}B_1B_0 + A_3A_2\overline{A_1}\overline{A_0}B_3B_2\overline{B_1}\overline{B_0} + A_3A_2\overline{A_1}A_0\overline{B_3}\overline{B_2}\overline{B_1}B_0 \\ && + A_3A_2\overline{A_1}A_0\overline{B_3}B_2\overline{B_1}\overline{B_0} + A_3A_2\overline{A_1}A_0\overline{B_3}B_2B_1B_0 + A_3A_2\overline{A_1}A_0B_3\overline{B_2}\overline{B_1}\overline{B_0} \\ && + A_3A_2\overline{A_1}A_0B_3\overline{B_2}\overline{B_1}B_0 + A_3A_2\overline{A_1}A_0B_3\overline{B_2}B_1\overline{B_0} + A_3A_2\overline{A_1}A_0B_3\overline{B_2}B_1B_0 \\ && + A_3A_2\overline{A_1}A_0B_3B_2\overline{B_1}\overline{B_0} + A_3A_2\overline{A_1}A_0B_3B_2\overline{B_1}B_0 + A_3A_2A_1\overline{A_0}\overline{B_3}\overline{B_2}B_1\overline{B_0} \\ && + A_3A_2A_1\overline{A_0}\overline{B_3}B_2\overline{B_1}\overline{B_0} + A_3A_2A_1\overline{A_0}B_3\overline{B_2}\overline{B_1}\overline{B_0} + A_3A_2A_1\overline{A_0}B_3\overline{B_2}\overline{B_1}B_0 \\ && + A_3A_2A_1\overline{A_0}B_3\overline{B_2}B_1\overline{B_0} + A_3A_2A_1\overline{A_0}B_3\overline{B_2}B_1B_0 + A_3A_2A_1\overline{A_0}B_3B_2\overline{B_1}\overline{B_0} \\ && + A_3A_2A_1\overline{A_0}B_3B_2\overline{B_1}B_0 + A_3A_2A_1\overline{A_0}B_3B_2B_1\overline{B_0} + A_3A_2A_1A_0\overline{B_3}\overline{B_2}\overline{B_1}B_0 \\ && + A_3A_2A_1A_0\overline{B_3}\overline{B_2}B_1\overline{B_0} + A_3A_2A_1A_0\overline{B_3}\overline{B_2}B_1B_0 + A_3A_2A_1A_0\overline{B_3}B_2\overline{B_1}\overline{B_0} \\ && + A_3A_2A_1A_0\overline{B_3}B_2\overline{B_1}B_0 + A_3A_2A_1A_0B_3\overline{B_2}\overline{B_1}\overline{B_0} + A_3A_2A_1A_0B_3\overline{B_2}\overline{B_1}B_0 \\ && + A_3A_2A_1A_0B_3\overline{B_2}B_1\overline{B_0} + A_3A_2A_1A_0B_3\overline{B_2}B_1B_0 + A_3A_2A_1A_0B_3B_2\overline{B_1}\overline{B_0} \\ && + A_3A_2A_1A_0B_3B_2\overline{B_1}B_0 + A_3A_2A_1A_0B_3B_2B_1\overline{B_0} + A_3A_2A_1A_0B_3B_2B_1B_0 \\ && + \\ & = &
\overline{A_3}A_2\overline{A_1}A_0\overline{B_3}\overline{B_2}B_0 + \overline{A_3}A_2\overline{A_1}\overline{B_3}\overline{B_2}B_1B_0 \\ && + \overline{A_3}A_2A_1A_0\overline{B_3}B_2 + \overline{A_3}A_2A_1\overline{B_3}B_2\overline{B_1} + \overline{A_3}A_2A_1\overline{B_3}B_2\overline{B_0} \\ && + \overline{A_3}A_2A_1\overline{B_3}B_1\overline{B_0} + \overline{A_3}A_2A_0\overline{B_3}B_2\overline{B_1} + \overline{A_3}A_2A_0\overline{B_3}\overline{B_1}B_0 \\ && + A_3\overline{A_2}\overline{A_1}A_0\overline{B_3}B_0 + A_3\overline{A_2}\overline{A_1}\overline{B_3}B_2B_0 + A_3\overline{A_2}A_1\overline{B_3}B_1 \\ && + A_3\overline{A_2}A_0\overline{B_3}\overline{B_2}B_0 + A_3\overline{A_2}A_0\overline{B_3}B_1B_0 + A_3\overline{A_2}\overline{B_3}B_2B_1 \\ && + A_3A_2A_1A_0B_3 + A_3A_2A_1A_0B_2\overline{B_1} + A_3A_2A_1A_0\overline{B_1}B_0 \\ && + A_3A_2A_1B_3\overline{B_1} + A_3A_2A_1B_3\overline{B_0} + A_3A_2A_0B_3\overline{B_1} \\ && + A_3A_2B_3\overline{B_2} + A_3A_2B_3\overline{B_1}\overline{B_0} + A_3A_2B_2\overline{B_1}\overline{B_0} \\ && + A_3\overline{A_1}\overline{B_3}B_2B_1B_0 + A_3A_1A_0B_3\overline{B_2} + A_3A_1A_0\overline{B_2}B_1 \\ && + A_3A_1A_0\overline{B_2}B_0 + A_3A_1B_3\overline{B_2}\overline{B_1} + A_3A_1B_3\overline{B_2}\overline{B_0} \\ && + A_3A_1\overline{B_2}B_1\overline{B_0} + A_3A_0B_3\overline{B_2}\overline{B_1} + A_3A_0\overline{B_2}\overline{B_1}B_0 \\ && + A_3B_3\overline{B_2}\overline{B_1}\overline{B_0} + \overline{A_2}A_1A_0\overline{B_3}\overline{B_2}B_1 + \overline{A_2}A_1A_0\overline{B_3}\overline{B_2}B_0 \\ && + A_2A_1A_0\overline{B_3}B_2\overline{B_1} + A_2A_1A_0\overline{B_3}\overline{B_1}B_0 + A_2\overline{B_3}B_2\overline{B_1}\overline{B_0} \\ && + A_1\overline{B_3}\overline{B_2}B_1\overline{B_0} + A_0\overline{B_3}\overline{B_2}\overline{B_1}B_0 + 

M_3 & = & A_3\overline{A_2}\overline{A_1}\overline{A_0}B_3\overline{B_2}\overline{B_1}B_0 + A_3\overline{A_2}\overline{A_1}\overline{A_0}B_3\overline{B_2}B_1\overline{B_0} \\ && + A_3\overline{A_2}\overline{A_1}\overline{A_0}B_3\overline{B_2}B_1B_0 + A_3\overline{A_2}\overline{A_1}\overline{A_0}B_3B_2\overline{B_1}\overline{B_0} + A_3\overline{A_2}\overline{A_1}\overline{A_0}B_3B_2\overline{B_1}B_0 \\ && + A_3\overline{A_2}\overline{A_1}\overline{A_0}B_3B_2B_1\overline{B_0} + A_3\overline{A_2}\overline{A_1}\overline{A_0}B_3B_2B_1B_0 + A_3\overline{A_2}\overline{A_1}A_0B_3\overline{B_2}B_1\overline{B_0} \\ && + A_3\overline{A_2}\overline{A_1}A_0B_3\overline{B_2}B_1B_0 + A_3\overline{A_2}\overline{A_1}A_0B_3B_2\overline{B_1}\overline{B_0} + A_3\overline{A_2}\overline{A_1}A_0B_3B_2\overline{B_1}B_0 \\ && + A_3\overline{A_2}\overline{A_1}A_0B_3B_2B_1\overline{B_0} + A_3\overline{A_2}\overline{A_1}A_0B_3B_2B_1B_0 + A_3\overline{A_2}A_1\overline{A_0}B_3\overline{B_2}B_1B_0 \\ && + A_3\overline{A_2}A_1\overline{A_0}B_3B_2\overline{B_1}\overline{B_0} + A_3\overline{A_2}A_1\overline{A_0}B_3B_2\overline{B_1}B_0 + A_3\overline{A_2}A_1\overline{A_0}B_3B_2B_1\overline{B_0} \\ && + A_3\overline{A_2}A_1\overline{A_0}B_3B_2B_1B_0 + A_3\overline{A_2}A_1A_0B_3B_2\overline{B_1}\overline{B_0} + A_3\overline{A_2}A_1A_0B_3B_2\overline{B_1}B_0 \\ && + A_3\overline{A_2}A_1A_0B_3B_2B_1\overline{B_0} + A_3\overline{A_2}A_1A_0B_3B_2B_1B_0 + A_3A_2\overline{A_1}\overline{A_0}B_3B_2\overline{B_1}B_0 \\ && + A_3A_2\overline{A_1}\overline{A_0}B_3B_2B_1\overline{B_0} + A_3A_2\overline{A_1}\overline{A_0}B_3B_2B_1B_0 + A_3A_2\overline{A_1}A_0B_3B_2B_1\overline{B_0} \\ && + A_3A_2\overline{A_1}A_0B_3B_2B_1B_0 + A_3A_2A_1\overline{A_0}B_3B_2B_1B_0 + \\ & = &
A_3\overline{A_2}\overline{A_1}\overline{A_0}B_3B_0 + A_3\overline{A_2}\overline{A_1}B_3B_1 \\ && + A_3\overline{A_2}\overline{A_0}B_3B_1B_0 + A_3\overline{A_2}B_3B_2 + A_3\overline{A_1}\overline{A_0}B_3B_2B_0 \\ && + A_3\overline{A_1}B_3B_2B_1 + A_3\overline{A_0}B_3B_2B_1B_0 + 

M_2 & = & \overline{A_3}A_2\overline{A_1}\overline{A_0}\overline{B_3}B_2\overline{B_1}B_0 + \overline{A_3}A_2\overline{A_1}\overline{A_0}\overline{B_3}B_2B_1\overline{B_0} \\ && + \overline{A_3}A_2\overline{A_1}\overline{A_0}\overline{B_3}B_2B_1B_0 + \overline{A_3}A_2\overline{A_1}\overline{A_0}B_3\overline{B_2}\overline{B_1}\overline{B_0} + \overline{A_3}A_2\overline{A_1}\overline{A_0}B_3\overline{B_2}\overline{B_1}B_0 \\ && + \overline{A_3}A_2\overline{A_1}\overline{A_0}B_3\overline{B_2}B_1\overline{B_0} + \overline{A_3}A_2\overline{A_1}\overline{A_0}B_3\overline{B_2}B_1B_0 + \overline{A_3}A_2\overline{A_1}\overline{A_0}B_3B_2\overline{B_1}\overline{B_0} \\ && + \overline{A_3}A_2\overline{A_1}\overline{A_0}B_3B_2\overline{B_1}B_0 + \overline{A_3}A_2\overline{A_1}\overline{A_0}B_3B_2B_1\overline{B_0} + \overline{A_3}A_2\overline{A_1}\overline{A_0}B_3B_2B_1B_0 \\ && + \overline{A_3}A_2\overline{A_1}A_0\overline{B_3}B_2B_1\overline{B_0} + \overline{A_3}A_2\overline{A_1}A_0\overline{B_3}B_2B_1B_0 + \overline{A_3}A_2\overline{A_1}A_0B_3\overline{B_2}\overline{B_1}\overline{B_0} \\ && + \overline{A_3}A_2\overline{A_1}A_0B_3\overline{B_2}\overline{B_1}B_0 + \overline{A_3}A_2\overline{A_1}A_0B_3\overline{B_2}B_1\overline{B_0} + \overline{A_3}A_2\overline{A_1}A_0B_3\overline{B_2}B_1B_0 \\ && + \overline{A_3}A_2\overline{A_1}A_0B_3B_2\overline{B_1}\overline{B_0} + \overline{A_3}A_2\overline{A_1}A_0B_3B_2\overline{B_1}B_0 + \overline{A_3}A_2\overline{A_1}A_0B_3B_2B_1\overline{B_0} \\ && + \overline{A_3}A_2\overline{A_1}A_0B_3B_2B_1B_0 + \overline{A_3}A_2A_1\overline{A_0}\overline{B_3}B_2B_1B_0 + \overline{A_3}A_2A_1\overline{A_0}B_3\overline{B_2}\overline{B_1}\overline{B_0} \\ && + \overline{A_3}A_2A_1\overline{A_0}B_3\overline{B_2}\overline{B_1}B_0 + \overline{A_3}A_2A_1\overline{A_0}B_3\overline{B_2}B_1\overline{B_0} + \overline{A_3}A_2A_1\overline{A_0}B_3\overline{B_2}B_1B_0 \\ && + \overline{A_3}A_2A_1\overline{A_0}B_3B_2\overline{B_1}\overline{B_0} + \overline{A_3}A_2A_1\overline{A_0}B_3B_2\overline{B_1}B_0 + \overline{A_3}A_2A_1\overline{A_0}B_3B_2B_1\overline{B_0} \\ && + \overline{A_3}A_2A_1\overline{A_0}B_3B_2B_1B_0 + \overline{A_3}A_2A_1A_0B_3\overline{B_2}\overline{B_1}\overline{B_0} + \overline{A_3}A_2A_1A_0B_3\overline{B_2}\overline{B_1}B_0 \\ && + \overline{A_3}A_2A_1A_0B_3\overline{B_2}B_1\overline{B_0} + \overline{A_3}A_2A_1A_0B_3\overline{B_2}B_1B_0 + \overline{A_3}A_2A_1A_0B_3B_2\overline{B_1}\overline{B_0} \\ && + \overline{A_3}A_2A_1A_0B_3B_2\overline{B_1}B_0 + \overline{A_3}A_2A_1A_0B_3B_2B_1\overline{B_0} + \overline{A_3}A_2A_1A_0B_3B_2B_1B_0 \\ && + A_3\overline{A_2}\overline{A_1}A_0\overline{B_3}B_2\overline{B_1}B_0 + A_3\overline{A_2}A_1\overline{A_0}\overline{B_3}B_2B_1\overline{B_0} + A_3\overline{A_2}A_1A_0\overline{B_3}B_2B_1\overline{B_0} \\ && + A_3\overline{A_2}A_1A_0\overline{B_3}B_2B_1B_0 + A_3A_2\overline{A_1}\overline{A_0}\overline{B_3}B_2B_1B_0 + A_3A_2\overline{A_1}\overline{A_0}B_3\overline{B_2}\overline{B_1}\overline{B_0} \\ && + A_3A_2\overline{A_1}\overline{A_0}B_3B_2\overline{B_1}B_0 + A_3A_2\overline{A_1}\overline{A_0}B_3B_2B_1\overline{B_0} + A_3A_2\overline{A_1}\overline{A_0}B_3B_2B_1B_0 \\ && + A_3A_2\overline{A_1}A_0\overline{B_3}B_2B_1B_0 + A_3A_2\overline{A_1}A_0B_3\overline{B_2}\overline{B_1}\overline{B_0} + A_3A_2\overline{A_1}A_0B_3\overline{B_2}\overline{B_1}B_0 \\ && + A_3A_2\overline{A_1}A_0B_3B_2B_1\overline{B_0} + A_3A_2\overline{A_1}A_0B_3B_2B_1B_0 + A_3A_2A_1\overline{A_0}\overline{B_3}B_2\overline{B_1}B_0 \\ && + A_3A_2A_1\overline{A_0}B_3\overline{B_2}\overline{B_1}\overline{B_0} + A_3A_2A_1\overline{A_0}B_3\overline{B_2}\overline{B_1}B_0 + A_3A_2A_1\overline{A_0}B_3\overline{B_2}B_1\overline{B_0} \\ && + A_3A_2A_1\overline{A_0}B_3B_2B_1B_0 + A_3A_2A_1A_0B_3\overline{B_2}\overline{B_1}\overline{B_0} + A_3A_2A_1A_0B_3\overline{B_2}\overline{B_1}B_0 \\ && + A_3A_2A_1A_0B_3\overline{B_2}B_1\overline{B_0} + A_3A_2A_1A_0B_3\overline{B_2}B_1B_0 + \\ & = &
\overline{A_3}A_2\overline{A_1}\overline{A_0}B_2B_0 + \overline{A_3}A_2\overline{A_1}B_2B_1 \\ && + \overline{A_3}A_2\overline{A_0}B_2B_1B_0 + \overline{A_3}A_2B_3 + A_3\overline{A_2}\overline{A_1}A_0\overline{B_3}B_2\overline{B_1}B_0 \\ && + A_3\overline{A_2}A_1A_0\overline{B_3}B_2B_1 + A_3\overline{A_2}A_1\overline{B_3}B_2B_1\overline{B_0} + A_3A_2A_1\overline{A_0}\overline{B_3}B_2\overline{B_1}B_0 \\ && + A_2\overline{A_1}\overline{A_0}B_3B_2B_0 + A_2\overline{A_1}B_3B_2B_1 + A_2\overline{A_1}B_2B_1B_0 \\ && + A_2A_1A_0B_3\overline{B_2} + A_2A_1B_3\overline{B_2}\overline{B_1} + A_2A_1B_3\overline{B_2}\overline{B_0} \\ && + A_2\overline{A_0}B_3B_2B_1B_0 + A_2A_0B_3\overline{B_2}\overline{B_1} + A_2B_3\overline{B_2}\overline{B_1}\overline{B_0} \\ && + 

M_1 & = & \overline{A_3}\overline{A_2}A_1\overline{A_0}\overline{B_3}\overline{B_2}B_1B_0 + \overline{A_3}\overline{A_2}A_1\overline{A_0}\overline{B_3}B_2\overline{B_1}\overline{B_0} \\ && + \overline{A_3}\overline{A_2}A_1\overline{A_0}\overline{B_3}B_2\overline{B_1}B_0 + \overline{A_3}\overline{A_2}A_1\overline{A_0}\overline{B_3}B_2B_1\overline{B_0} + \overline{A_3}\overline{A_2}A_1\overline{A_0}\overline{B_3}B_2B_1B_0 \\ && + \overline{A_3}\overline{A_2}A_1\overline{A_0}B_3\overline{B_2}\overline{B_1}\overline{B_0} + \overline{A_3}\overline{A_2}A_1\overline{A_0}B_3\overline{B_2}\overline{B_1}B_0 + \overline{A_3}\overline{A_2}A_1\overline{A_0}B_3\overline{B_2}B_1\overline{B_0} \\ && + \overline{A_3}\overline{A_2}A_1\overline{A_0}B_3\overline{B_2}B_1B_0 + \overline{A_3}\overline{A_2}A_1\overline{A_0}B_3B_2\overline{B_1}\overline{B_0} + \overline{A_3}\overline{A_2}A_1\overline{A_0}B_3B_2\overline{B_1}B_0 \\ && + \overline{A_3}\overline{A_2}A_1\overline{A_0}B_3B_2B_1\overline{B_0} + \overline{A_3}\overline{A_2}A_1\overline{A_0}B_3B_2B_1B_0 + \overline{A_3}\overline{A_2}A_1A_0\overline{B_3}B_2\overline{B_1}\overline{B_0} \\ && + \overline{A_3}\overline{A_2}A_1A_0\overline{B_3}B_2\overline{B_1}B_0 + \overline{A_3}\overline{A_2}A_1A_0\overline{B_3}B_2B_1\overline{B_0} + \overline{A_3}\overline{A_2}A_1A_0\overline{B_3}B_2B_1B_0 \\ && + \overline{A_3}\overline{A_2}A_1A_0B_3\overline{B_2}\overline{B_1}\overline{B_0} + \overline{A_3}\overline{A_2}A_1A_0B_3\overline{B_2}\overline{B_1}B_0 + \overline{A_3}\overline{A_2}A_1A_0B_3\overline{B_2}B_1\overline{B_0} \\ && + \overline{A_3}\overline{A_2}A_1A_0B_3\overline{B_2}B_1B_0 + \overline{A_3}\overline{A_2}A_1A_0B_3B_2\overline{B_1}\overline{B_0} + \overline{A_3}\overline{A_2}A_1A_0B_3B_2\overline{B_1}B_0 \\ && + \overline{A_3}\overline{A_2}A_1A_0B_3B_2B_1\overline{B_0} + \overline{A_3}\overline{A_2}A_1A_0B_3B_2B_1B_0 + \overline{A_3}A_2\overline{A_1}A_0\overline{B_3}\overline{B_2}B_1B_0 \\ && + \overline{A_3}A_2A_1\overline{A_0}\overline{B_3}B_2\overline{B_1}\overline{B_0} + \overline{A_3}A_2A_1\overline{A_0}\overline{B_3}B_2B_1B_0 + \overline{A_3}A_2A_1\overline{A_0}B_3\overline{B_2}\overline{B_1}\overline{B_0} \\ && + \overline{A_3}A_2A_1\overline{A_0}B_3\overline{B_2}\overline{B_1}B_0 + \overline{A_3}A_2A_1\overline{A_0}B_3\overline{B_2}B_1\overline{B_0} + \overline{A_3}A_2A_1\overline{A_0}B_3\overline{B_2}B_1B_0 \\ && + \overline{A_3}A_2A_1\overline{A_0}B_3B_2\overline{B_1}\overline{B_0} + \overline{A_3}A_2A_1\overline{A_0}B_3B_2\overline{B_1}B_0 + \overline{A_3}A_2A_1\overline{A_0}B_3B_2B_1\overline{B_0} \\ && + \overline{A_3}A_2A_1\overline{A_0}B_3B_2B_1B_0 + \overline{A_3}A_2A_1A_0\overline{B_3}B_2\overline{B_1}\overline{B_0} + \overline{A_3}A_2A_1A_0\overline{B_3}B_2\overline{B_1}B_0 \\ && + \overline{A_3}A_2A_1A_0B_3\overline{B_2}\overline{B_1}\overline{B_0} + \overline{A_3}A_2A_1A_0B_3\overline{B_2}\overline{B_1}B_0 + \overline{A_3}A_2A_1A_0B_3\overline{B_2}B_1\overline{B_0} \\ && + \overline{A_3}A_2A_1A_0B_3\overline{B_2}B_1B_0 + \overline{A_3}A_2A_1A_0B_3B_2\overline{B_1}\overline{B_0} + \overline{A_3}A_2A_1A_0B_3B_2\overline{B_1}B_0 \\ && + \overline{A_3}A_2A_1A_0B_3B_2B_1\overline{B_0} + \overline{A_3}A_2A_1A_0B_3B_2B_1B_0 + A_3\overline{A_2}\overline{A_1}\overline{A_0}\overline{B_3}\overline{B_2}B_1B_0 \\ && + A_3\overline{A_2}\overline{A_1}\overline{A_0}\overline{B_3}B_2\overline{B_1}B_0 + A_3\overline{A_2}\overline{A_1}\overline{A_0}\overline{B_3}B_2B_1\overline{B_0} + A_3\overline{A_2}\overline{A_1}A_0\overline{B_3}B_2B_1\overline{B_0} \\ && + A_3\overline{A_2}\overline{A_1}A_0\overline{B_3}B_2B_1B_0 + A_3\overline{A_2}A_1\overline{A_0}\overline{B_3}B_2\overline{B_1}\overline{B_0} + A_3\overline{A_2}A_1\overline{A_0}\overline{B_3}B_2B_1B_0 \\ && + A_3\overline{A_2}A_1\overline{A_0}B_3\overline{B_2}\overline{B_1}\overline{B_0} + A_3\overline{A_2}A_1\overline{A_0}B_3\overline{B_2}B_1B_0 + A_3\overline{A_2}A_1\overline{A_0}B_3B_2\overline{B_1}\overline{B_0} \\ && + A_3\overline{A_2}A_1\overline{A_0}B_3B_2\overline{B_1}B_0 + A_3\overline{A_2}A_1\overline{A_0}B_3B_2B_1\overline{B_0} + A_3\overline{A_2}A_1\overline{A_0}B_3B_2B_1B_0 \\ && + A_3\overline{A_2}A_1A_0\overline{B_3}\overline{B_2}B_1B_0 + A_3\overline{A_2}A_1A_0\overline{B_3}B_2\overline{B_1}\overline{B_0} + A_3\overline{A_2}A_1A_0B_3\overline{B_2}\overline{B_1}\overline{B_0} \\ && + A_3\overline{A_2}A_1A_0B_3\overline{B_2}\overline{B_1}B_0 + A_3\overline{A_2}A_1A_0B_3B_2\overline{B_1}\overline{B_0} + A_3\overline{A_2}A_1A_0B_3B_2\overline{B_1}B_0 \\ && + A_3\overline{A_2}A_1A_0B_3B_2B_1\overline{B_0} + A_3\overline{A_2}A_1A_0B_3B_2B_1B_0 + A_3A_2\overline{A_1}\overline{A_0}\overline{B_3}B_2\overline{B_1}B_0 \\ && + A_3A_2\overline{A_1}\overline{A_0}B_3\overline{B_2}\overline{B_1}B_0 + A_3A_2\overline{A_1}\overline{A_0}B_3\overline{B_2}B_1\overline{B_0} + A_3A_2\overline{A_1}A_0\overline{B_3}B_2\overline{B_1}B_0 \\ && + A_3A_2\overline{A_1}A_0\overline{B_3}B_2B_1B_0 + A_3A_2\overline{A_1}A_0B_3\overline{B_2}B_1\overline{B_0} + A_3A_2\overline{A_1}A_0B_3\overline{B_2}B_1B_0 \\ && + A_3A_2A_1\overline{A_0}\overline{B_3}\overline{B_2}B_1B_0 + A_3A_2A_1\overline{A_0}\overline{B_3}B_2\overline{B_1}\overline{B_0} + A_3A_2A_1\overline{A_0}\overline{B_3}B_2B_1\overline{B_0} \\ && + A_3A_2A_1\overline{A_0}B_3\overline{B_2}\overline{B_1}\overline{B_0} + A_3A_2A_1\overline{A_0}B_3\overline{B_2}B_1B_0 + A_3A_2A_1\overline{A_0}B_3B_2\overline{B_1}\overline{B_0} \\ && + A_3A_2A_1\overline{A_0}B_3B_2B_1B_0 + A_3A_2A_1A_0\overline{B_3}B_2\overline{B_1}\overline{B_0} + A_3A_2A_1A_0\overline{B_3}B_2B_1\overline{B_0} \\ && + A_3A_2A_1A_0B_3\overline{B_2}\overline{B_1}\overline{B_0} + A_3A_2A_1A_0B_3\overline{B_2}\overline{B_1}B_0 + A_3A_2A_1A_0B_3B_2\overline{B_1}\overline{B_0} \\ && + A_3A_2A_1A_0B_3B_2\overline{B_1}B_0 + \\ & = &
\overline{A_3}\overline{A_2}A_1\overline{A_0}B_1B_0 + \overline{A_3}\overline{A_2}A_1B_2 \\ && + \overline{A_3}A_2\overline{A_1}A_0\overline{B_3}\overline{B_2}B_1B_0 + \overline{A_3}A_1\overline{A_0}B_2B_1B_0 + \overline{A_3}A_1A_0B_2\overline{B_1} \\ && + \overline{A_3}A_1B_3 + A_3\overline{A_2}\overline{A_1}\overline{A_0}\overline{B_3}\overline{B_2}B_1B_0 + A_3\overline{A_2}\overline{A_1}A_0\overline{B_3}B_2B_1 \\ && + A_3\overline{A_2}\overline{A_1}\overline{B_3}B_2B_1\overline{B_0} + A_3\overline{A_2}A_1A_0\overline{B_3}\overline{B_2}B_1B_0 + A_3A_2\overline{A_1}\overline{A_0}B_3\overline{B_2}\overline{B_1}B_0 \\ && + A_3A_2\overline{A_1}A_0\overline{B_3}B_2B_0 + A_3A_2\overline{A_1}A_0B_3\overline{B_2}B_1 + A_3A_2\overline{A_1}\overline{B_3}B_2\overline{B_1}B_0 \\ && + A_3A_2\overline{A_1}B_3\overline{B_2}B_1\overline{B_0} + A_3A_2A_1\overline{A_0}\overline{B_2}B_1B_0 + A_3A_2A_1\overline{B_3}B_2\overline{B_0} \\ && + A_3\overline{A_1}\overline{A_0}\overline{B_3}B_2\overline{B_1}B_0 + A_3\overline{A_1}A_0\overline{B_3}B_2B_1B_0 + \overline{A_2}A_1\overline{A_0}B_2B_1B_0 \\ && + \overline{A_2}A_1B_3B_2 + A_1\overline{A_0}B_3B_1B_0 + A_1A_0B_3\overline{B_1} \\ && + A_1B_3\overline{B_1}\overline{B_0} + A_1B_2\overline{B_1}\overline{B_0} + 

M_0 & = & \overline{A_3}\overline{A_2}\overline{A_1}A_0\overline{B_3}\overline{B_2}B_1\overline{B_0} + \overline{A_3}\overline{A_2}\overline{A_1}A_0\overline{B_3}\overline{B_2}B_1B_0 \\ && + \overline{A_3}\overline{A_2}\overline{A_1}A_0\overline{B_3}B_2\overline{B_1}\overline{B_0} + \overline{A_3}\overline{A_2}\overline{A_1}A_0\overline{B_3}B_2\overline{B_1}B_0 + \overline{A_3}\overline{A_2}\overline{A_1}A_0\overline{B_3}B_2B_1\overline{B_0} \\ && + \overline{A_3}\overline{A_2}\overline{A_1}A_0\overline{B_3}B_2B_1B_0 + \overline{A_3}\overline{A_2}\overline{A_1}A_0B_3\overline{B_2}\overline{B_1}\overline{B_0} + \overline{A_3}\overline{A_2}\overline{A_1}A_0B_3\overline{B_2}\overline{B_1}B_0 \\ && + \overline{A_3}\overline{A_2}\overline{A_1}A_0B_3\overline{B_2}B_1\overline{B_0} + \overline{A_3}\overline{A_2}\overline{A_1}A_0B_3\overline{B_2}B_1B_0 + \overline{A_3}\overline{A_2}\overline{A_1}A_0B_3B_2\overline{B_1}\overline{B_0} \\ && + \overline{A_3}\overline{A_2}\overline{A_1}A_0B_3B_2\overline{B_1}B_0 + \overline{A_3}\overline{A_2}\overline{A_1}A_0B_3B_2B_1\overline{B_0} + \overline{A_3}\overline{A_2}\overline{A_1}A_0B_3B_2B_1B_0 \\ && + \overline{A_3}\overline{A_2}A_1A_0\overline{B_3}\overline{B_2}B_1\overline{B_0} + \overline{A_3}\overline{A_2}A_1A_0\overline{B_3}B_2\overline{B_1}\overline{B_0} + \overline{A_3}\overline{A_2}A_1A_0\overline{B_3}B_2\overline{B_1}B_0 \\ && + \overline{A_3}\overline{A_2}A_1A_0\overline{B_3}B_2B_1\overline{B_0} + \overline{A_3}\overline{A_2}A_1A_0\overline{B_3}B_2B_1B_0 + \overline{A_3}\overline{A_2}A_1A_0B_3\overline{B_2}\overline{B_1}\overline{B_0} \\ && + \overline{A_3}\overline{A_2}A_1A_0B_3\overline{B_2}\overline{B_1}B_0 + \overline{A_3}\overline{A_2}A_1A_0B_3\overline{B_2}B_1\overline{B_0} + \overline{A_3}\overline{A_2}A_1A_0B_3\overline{B_2}B_1B_0 \\ && + \overline{A_3}\overline{A_2}A_1A_0B_3B_2\overline{B_1}\overline{B_0} + \overline{A_3}\overline{A_2}A_1A_0B_3B_2\overline{B_1}B_0 + \overline{A_3}\overline{A_2}A_1A_0B_3B_2B_1\overline{B_0} \\ && + \overline{A_3}\overline{A_2}A_1A_0B_3B_2B_1B_0 + \overline{A_3}A_2\overline{A_1}\overline{A_0}\overline{B_3}\overline{B_2}B_1B_0 + \overline{A_3}A_2\overline{A_1}A_0\overline{B_3}\overline{B_2}B_1\overline{B_0} \\ && + \overline{A_3}A_2\overline{A_1}A_0\overline{B_3}B_2\overline{B_1}\overline{B_0} + \overline{A_3}A_2\overline{A_1}A_0\overline{B_3}B_2B_1\overline{B_0} + \overline{A_3}A_2\overline{A_1}A_0\overline{B_3}B_2B_1B_0 \\ && + \overline{A_3}A_2\overline{A_1}A_0B_3\overline{B_2}\overline{B_1}\overline{B_0} + \overline{A_3}A_2\overline{A_1}A_0B_3\overline{B_2}\overline{B_1}B_0 + \overline{A_3}A_2\overline{A_1}A_0B_3\overline{B_2}B_1\overline{B_0} \\ && + \overline{A_3}A_2\overline{A_1}A_0B_3\overline{B_2}B_1B_0 + \overline{A_3}A_2\overline{A_1}A_0B_3B_2\overline{B_1}\overline{B_0} + \overline{A_3}A_2\overline{A_1}A_0B_3B_2\overline{B_1}B_0 \\ && + \overline{A_3}A_2\overline{A_1}A_0B_3B_2B_1\overline{B_0} + \overline{A_3}A_2\overline{A_1}A_0B_3B_2B_1B_0 + \overline{A_3}A_2A_1\overline{A_0}\overline{B_3}B_2\overline{B_1}B_0 \\ && + \overline{A_3}A_2A_1A_0\overline{B_3}\overline{B_2}B_1\overline{B_0} + \overline{A_3}A_2A_1A_0\overline{B_3}\overline{B_2}B_1B_0 + \overline{A_3}A_2A_1A_0\overline{B_3}B_2\overline{B_1}\overline{B_0} \\ && + \overline{A_3}A_2A_1A_0\overline{B_3}B_2B_1\overline{B_0} + \overline{A_3}A_2A_1A_0B_3\overline{B_2}\overline{B_1}\overline{B_0} + \overline{A_3}A_2A_1A_0B_3\overline{B_2}\overline{B_1}B_0 \\ && + \overline{A_3}A_2A_1A_0B_3\overline{B_2}B_1\overline{B_0} + \overline{A_3}A_2A_1A_0B_3\overline{B_2}B_1B_0 + \overline{A_3}A_2A_1A_0B_3B_2\overline{B_1}\overline{B_0} \\ && + \overline{A_3}A_2A_1A_0B_3B_2\overline{B_1}B_0 + \overline{A_3}A_2A_1A_0B_3B_2B_1\overline{B_0} + \overline{A_3}A_2A_1A_0B_3B_2B_1B_0 \\ && + A_3\overline{A_2}\overline{A_1}\overline{A_0}\overline{B_3}B_2\overline{B_1}B_0 + A_3\overline{A_2}\overline{A_1}\overline{A_0}\overline{B_3}B_2B_1B_0 + A_3\overline{A_2}\overline{A_1}A_0\overline{B_3}\overline{B_2}B_1\overline{B_0} \\ && + A_3\overline{A_2}\overline{A_1}A_0\overline{B_3}B_2\overline{B_1}\overline{B_0} + A_3\overline{A_2}\overline{A_1}A_0\overline{B_3}B_2B_1\overline{B_0} + A_3\overline{A_2}\overline{A_1}A_0B_3\overline{B_2}\overline{B_1}\overline{B_0} \\ && + A_3\overline{A_2}\overline{A_1}A_0B_3\overline{B_2}B_1\overline{B_0} + A_3\overline{A_2}\overline{A_1}A_0B_3\overline{B_2}B_1B_0 + A_3\overline{A_2}\overline{A_1}A_0B_3B_2\overline{B_1}\overline{B_0} \\ && + A_3\overline{A_2}\overline{A_1}A_0B_3B_2\overline{B_1}B_0 + A_3\overline{A_2}\overline{A_1}A_0B_3B_2B_1\overline{B_0} + A_3\overline{A_2}\overline{A_1}A_0B_3B_2B_1B_0 \\ && + A_3\overline{A_2}A_1\overline{A_0}\overline{B_3}\overline{B_2}B_1B_0 + A_3\overline{A_2}A_1\overline{A_0}\overline{B_3}B_2B_1B_0 + A_3\overline{A_2}A_1\overline{A_0}B_3\overline{B_2}\overline{B_1}B_0 \\ && + A_3\overline{A_2}A_1A_0\overline{B_3}\overline{B_2}B_1\overline{B_0} + A_3\overline{A_2}A_1A_0\overline{B_3}B_2\overline{B_1}\overline{B_0} + A_3\overline{A_2}A_1A_0\overline{B_3}B_2\overline{B_1}B_0 \\ && + A_3\overline{A_2}A_1A_0\overline{B_3}B_2B_1\overline{B_0} + A_3\overline{A_2}A_1A_0B_3\overline{B_2}\overline{B_1}\overline{B_0} + A_3\overline{A_2}A_1A_0B_3\overline{B_2}B_1\overline{B_0} \\ && + A_3\overline{A_2}A_1A_0B_3B_2\overline{B_1}\overline{B_0} + A_3\overline{A_2}A_1A_0B_3B_2\overline{B_1}B_0 + A_3\overline{A_2}A_1A_0B_3B_2B_1\overline{B_0} \\ && + A_3\overline{A_2}A_1A_0B_3B_2B_1B_0 + A_3A_2\overline{A_1}\overline{A_0}\overline{B_3}B_2B_1B_0 + A_3A_2\overline{A_1}\overline{A_0}B_3\overline{B_2}\overline{B_1}B_0 \\ && + A_3A_2\overline{A_1}\overline{A_0}B_3\overline{B_2}B_1B_0 + A_3A_2\overline{A_1}A_0\overline{B_3}\overline{B_2}B_1\overline{B_0} + A_3A_2\overline{A_1}A_0\overline{B_3}\overline{B_2}B_1B_0 \\ && + A_3A_2\overline{A_1}A_0\overline{B_3}B_2\overline{B_1}\overline{B_0} + A_3A_2\overline{A_1}A_0\overline{B_3}B_2\overline{B_1}B_0 + A_3A_2\overline{A_1}A_0\overline{B_3}B_2B_1\overline{B_0} \\ && + A_3A_2\overline{A_1}A_0B_3\overline{B_2}\overline{B_1}\overline{B_0} + A_3A_2\overline{A_1}A_0B_3\overline{B_2}B_1\overline{B_0} + A_3A_2\overline{A_1}A_0B_3B_2\overline{B_1}\overline{B_0} \\ && + A_3A_2\overline{A_1}A_0B_3B_2B_1\overline{B_0} + A_3A_2\overline{A_1}A_0B_3B_2B_1B_0 + A_3A_2A_1\overline{A_0}B_3\overline{B_2}\overline{B_1}B_0 \\ && + A_3A_2A_1\overline{A_0}B_3\overline{B_2}B_1B_0 + A_3A_2A_1\overline{A_0}B_3B_2\overline{B_1}B_0 + A_3A_2A_1A_0\overline{B_3}\overline{B_2}B_1\overline{B_0} \\ && + A_3A_2A_1A_0\overline{B_3}B_2\overline{B_1}\overline{B_0} + A_3A_2A_1A_0\overline{B_3}B_2B_1\overline{B_0} + A_3A_2A_1A_0\overline{B_3}B_2B_1B_0 \\ && + A_3A_2A_1A_0B_3\overline{B_2}\overline{B_1}\overline{B_0} + A_3A_2A_1A_0B_3\overline{B_2}B_1\overline{B_0} + A_3A_2A_1A_0B_3B_2\overline{B_1}\overline{B_0} \\ && + A_3A_2A_1A_0B_3B_2B_1\overline{B_0} + \\ & = &
\overline{A_3}\overline{A_2}\overline{A_1}A_0B_1 + \overline{A_3}\overline{A_2}A_0B_2 \\ && + \overline{A_3}A_2\overline{A_1}\overline{A_0}\overline{B_3}\overline{B_2}B_1B_0 + \overline{A_3}A_2A_1\overline{A_0}\overline{B_3}B_2\overline{B_1}B_0 + \overline{A_3}A_2A_1A_0\overline{B_2}B_1 \\ && + \overline{A_3}\overline{A_1}A_0B_2B_1 + \overline{A_3}A_0B_3 + A_3\overline{A_2}\overline{A_1}\overline{A_0}\overline{B_3}B_2B_0 \\ && + A_3\overline{A_2}A_1\overline{A_0}\overline{B_3}B_1B_0 + A_3\overline{A_2}\overline{A_0}\overline{B_3}B_2B_1B_0 + A_3A_2\overline{A_1}A_0\overline{B_3}\overline{B_2}B_1 \\ && + A_3A_2\overline{A_1}A_0\overline{B_3}B_2\overline{B_1} + A_3A_2A_1\overline{A_0}B_3\overline{B_1}B_0 + A_3A_2A_1A_0\overline{B_3}B_2B_1 \\ && + A_3A_2\overline{A_0}B_3\overline{B_2}B_0 + A_3\overline{A_1}\overline{A_0}\overline{B_3}B_2B_1B_0 + A_3A_1\overline{A_0}B_3\overline{B_2}\overline{B_1}B_0 \\ && + \overline{A_2}\overline{A_1}A_0B_3B_1 + \overline{A_2}A_1A_0B_2\overline{B_1} + \overline{A_2}A_0B_3B_2 \\ && + \overline{A_1}A_0B_3B_2B_1 + A_0B_3\overline{B_0} + A_0B_2\overline{B_0} \\ && + A_0B_1\overline{B_0} + 

Err & = & \overline{A_3}\overline{A_2}\overline{A_1}\overline{A_0}\overline{B_3}\overline{B_2}\overline{B_1}\overline{B_0} + \overline{A_3}\overline{A_2}\overline{A_1}A_0\overline{B_3}\overline{B_2}\overline{B_1}\overline{B_0} \\ && + \overline{A_3}\overline{A_2}A_1\overline{A_0}\overline{B_3}\overline{B_2}\overline{B_1}\overline{B_0} + \overline{A_3}\overline{A_2}A_1A_0\overline{B_3}\overline{B_2}\overline{B_1}\overline{B_0} + \overline{A_3}A_2\overline{A_1}\overline{A_0}\overline{B_3}\overline{B_2}\overline{B_1}\overline{B_0} \\ && + \overline{A_3}A_2\overline{A_1}A_0\overline{B_3}\overline{B_2}\overline{B_1}\overline{B_0} + \overline{A_3}A_2A_1\overline{A_0}\overline{B_3}\overline{B_2}\overline{B_1}\overline{B_0} + \overline{A_3}A_2A_1A_0\overline{B_3}\overline{B_2}\overline{B_1}\overline{B_0} \\ && + A_3\overline{A_2}\overline{A_1}\overline{A_0}\overline{B_3}\overline{B_2}\overline{B_1}\overline{B_0} + A_3\overline{A_2}\overline{A_1}A_0\overline{B_3}\overline{B_2}\overline{B_1}\overline{B_0} + A_3\overline{A_2}A_1\overline{A_0}\overline{B_3}\overline{B_2}\overline{B_1}\overline{B_0} \\ && + A_3\overline{A_2}A_1A_0\overline{B_3}\overline{B_2}\overline{B_1}\overline{B_0} + A_3A_2\overline{A_1}\overline{A_0}\overline{B_3}\overline{B_2}\overline{B_1}\overline{B_0} + A_3A_2\overline{A_1}A_0\overline{B_3}\overline{B_2}\overline{B_1}\overline{B_0} \\ && + A_3A_2A_1\overline{A_0}\overline{B_3}\overline{B_2}\overline{B_1}\overline{B_0} + A_3A_2A_1A_0\overline{B_3}\overline{B_2}\overline{B_1}\overline{B_0} + \\ & = &
\overline{B_3}\overline{B_2}\overline{B_1}\overline{B_0} + 

